shape: [b:1, f:14, x:64, y:6, z:1, w:1, u:1, v:1, g:1] (count: 5376, original format: bfyx) raw data
-1.467773
3.691406
4.597656
-5.539062
-7.027344
6.371094
-0.408447
-2.361328
-5.308594
5.351562
-2.419922
0.511230
0.140015
0.776367
0.153320
-0.353027
-0.521484
-1.238281
0.840332
-1.584961
0.016052
-1.368164
0.598145
-0.702148
0.119385
5.675781
1.279297
-0.727051
0.389404
0.676270
-0.775879
-0.978516
2.197266
-1.652344
-0.609375
-2.724609
-1.412109
-0.585449
5.769531
1.105469
-2.951172
-0.866699
3.302734
3.109375
-2.777344
-0.432861
1.497070
-1.479492
-2.603516
0.752930
-1.208984
1.409180
0.892090
0.544922
0.716309
0.923828
0.231567
-0.508301
-0.187012
1.395508
-1.440430
1.166992
4.492188
-0.801758
-0.668945
1.602539
1.996094
-2.421875
-3.275391
5.492188
-1.514648
-4.394531
-2.363281
3.722656
-2.167969
-2.609375
1.668945
-0.016861
-0.850586
-1.188477
-1.726562
0.541504
-0.083679
0.197266
-0.211304
0.062683
1.023438
0.649414
-0.036255
5.890625
0.087341
-0.171509
0.858887
0.914062
0.340088
1.145508
0.075195
0.747070
0.962891
-2.478516
-2.597656
2.191406
4.558594
-1.494141
-3.037109
0.838867
0.511719
2.361328
-0.337402
0.191406
0.726074
0.252930
-2.470703
-0.209717
-1.403320
-0.303467
-0.895508
0.480225
1.089844
0.123413
0.780762
-0.847656
-0.123352
-0.169678
-0.621094
-0.577148
2.697266
-0.771484
-0.265625
0.601562
1.135742
-0.694336
-2.386719
4.296875
-2.164062
-5.347656
-1.267578
2.986328
-1.738281
-2.449219
3.136719
-0.349609
1.904297
-1.102539
-0.661133
-0.434570
-0.480469
2.210938
0.625977
-0.973633
-0.158325
-2.119141
-0.276123
6.984375
1.017578
-0.125854
-0.009445
0.182007
-1.791992
0.432129
-0.269775
1.073242
0.970215
-2.687500
-3.160156
3.269531
3.931641
-1.056641
-3.638672
0.318848
-1.485352
0.471436
-2.359375
0.118774
-0.963379
1.646484
-1.015625
0.657227
1.281250
1.111328
-1.703125
0.928711
0.088074
0.502441
1.570312
-0.875488
0.607422
-2.281250
2.576172
1.112305
3.763672
-0.131958
0.023895
-0.241943
0.330322
0.451172
-0.854492
2.814453
-1.867188
-4.296875
-0.410400
2.689453
-2.039062
-0.964355
1.722656
1.072266
0.453369
-0.224365
-0.109253
1.194336
0.072205
1.698242
-2.408203
-1.666016
-1.788086
-0.438232
0.969727
7.335938
-1.319336
0.399414
-0.921387
0.420898
-1.154297
-0.190674
-0.295410
0.799805
1.002930
-2.220703
-2.757812
3.257812
2.703125
-2.707031
-2.154297
1.178711
-1.756836
2.371094
-2.035156
0.799316
0.003571
-1.193359
-0.727051
0.280273
0.219238
0.051361
1.082031
0.687500
-0.580566
-1.276367
0.886719
-1.442383
-1.167969
0.976562
1.330078
0.776367
2.585938
-2.115234
0.330322
-0.852539
0.033447
0.367188
-1.086914
3.152344
-2.250000
-5.074219
-0.420898
3.447266
-2.554688
-1.815430
2.289062
1.335938
0.253906
-1.632812
0.347412
-0.708008
-1.021484
-0.000759
-1.809570
-0.726074
-0.710938
-1.242188
0.107849
7.597656
0.274658
0.565918
-0.295898
2.027344
-2.445312
1.210938
-0.204468
0.971680
1.370117
-2.734375
-3.181641
4.070312
3.996094
-2.189453
-3.261719
0.156128
-2.085938
1.714844
-2.070312
-1.240234
0.654297
0.863281
0.806641
-1.638672
0.751953
-1.808594
-0.231079
1.727539
-0.725586
0.605469
2.367188
-0.450195
-1.247070
2.123047
-0.533691
0.646484
1.934570
-0.819336
0.450684
-1.522461
-1.011719
1.413086
-1.649414
3.648438
-3.861328
-3.429688
-3.373047
3.892578
-1.656250
-4.023438
1.465820
-1.519531
-1.289062
-0.205078
-1.601562
-0.367432
0.170776
0.525391
-0.963867
0.172607
0.465332
0.047638
-0.995605
4.675781
1.081055
0.029694
0.727539
-0.118896
-0.235718
1.291992
0.239624
0.538086
1.936523
-3.695312
-4.933594
5.351562
5.773438
-2.488281
-5.324219
0.803223
-0.878906
1.160156
-1.083008
-0.299805
3.197266
0.199097
-2.662109
0.088684
-0.219360
0.710449
-0.069092
0.558105
1.760742
0.719727
0.777344
1.286133
0.264160
0.984375
-0.293213
-0.367676
2.292969
-1.384766
0.065125
-0.582520
-0.274414
0.651367
0.435547
0.190186
-0.369873
-0.335449
0.733887
-0.988770
-0.768555
0.834473
-1.230469
-0.428467
3.324219
0.142700
3.509766
-0.515625
1.137695
-1.903320
0.834961
-1.708008
0.877930
0.555664
0.620605
4.750000
1.439453
0.680176
1.540039
0.029022
1.436523
-1.583984
-0.814453
1.056641
0.751465
-1.311523
-0.867676
0.721680
-0.583496
-0.670410
0.752930
0.176025
-0.073120
0.314209
-1.526367
0.872070
-1.979492
-0.387451
5.453125
1.586914
-2.324219
3.996094
0.279053
1.080078
1.392578
2.525391
0.691406
-3.003906
-0.352051
1.903320
-2.015625
0.647949
7.234375
1.160156
-0.118530
0.300537
0.352539
-0.774902
-0.588379
0.790039
0.024658
-0.555664
-0.712402
0.424316
-0.991699
-0.096558
-0.072876
-0.165405
2.570312
0.313721
-0.384033
0.762207
-1.662109
-0.448975
-0.809570
-0.188965
1.667969
1.673828
0.166260
8.382812
-0.016602
0.918457
0.639160
1.312500
1.100586
1.590820
0.056763
-0.246704
-0.104797
0.160034
0.210449
-0.085876
0.797852
-0.374512
-1.525391
0.380371
-0.537598
1.433594
-1.850586
0.144409
-0.370117
1.029297
2.287109
-0.209473
-1.042969
-1.318359
-1.370117
0.229736
2.617188
0.339600
2.144531
-4.222656
0.828125
0.451172
-1.574219
-0.984375
5.277344
-0.833496
-0.289062
0.553223
0.398438
-1.016602
-0.800781
0.592773
0.240234
-0.754883
-1.296875
0.670410
-1.564453
-0.919434
-0.137207
-0.612793
3.105469
0.283447
0.003807
0.143311
0.460449
5.031250
-0.356445
-1.486328
-0.247925
-3.222656
0.070374
6.839844
1.521484
0.047943
-0.775879
-0.271729
-1.756836
-0.083618
-0.140503
0.091309
-0.094727
0.092285
0.234863
-0.435547
0.978027
0.044250
-1.667969
-0.241699
-0.771973
1.697266
-2.275391
0.570801
-0.986328
1.482422
3.351562
0.896973
1.697266
-0.064880
-2.705078
1.598633
0.218384
0.537109
2.400391
-1.595703
1.041016
-3.531250
4.121094
1.821289
3.990234
-0.612305
0.029343
0.230957
0.249634
-0.582031
-0.496094
0.457520
0.118896
-0.732910
-0.415527
0.856934
-1.133789
-0.417969
0.080322
0.460938
2.736328
-0.382080
0.322998
1.494141
0.442139
2.109375
-3.064453
-2.431641
-3.119141
-1.244141
0.892578
8.703125
-2.056641
-0.406982
-1.880859
-0.349121
-0.396240
-1.002930
-0.214966
0.519531
-0.036316
0.140503
0.305664
-0.288086
0.676758
0.005493
-1.258789
0.120483
-0.448730
1.532227
-1.982422
-0.277588
-0.255371
-0.500000
1.530273
-0.684082
0.393799
-0.258545
2.296875
1.078125
-0.334229
-1.503906
2.126953
-3.210938
-1.718750
1.887695
3.056641
1.979492
2.939453
-3.404297
0.233643
-0.009766
0.708008
-1.161133
-0.859375
1.042969
0.100098
-1.024414
-1.092773
0.609375
-1.678711
-0.353027
-0.437256
-0.280518
3.335938
-1.163086
0.990723
-2.804688
-0.461914
-1.052734
-2.433594
-0.100464
-1.403320
-1.623047
0.549805
8.289062
0.032471
0.777832
-2.273438
1.433594
-2.544922
1.729492
-0.356689
0.797852
0.239990
-0.193848
0.070068
-0.369141
1.051758
-0.037231
-1.998047
-0.628906
-0.610352
2.166016
-2.476562
-0.688965
-0.792480
1.296875
3.335938
-1.524414
1.264648
-0.808594
0.169189
3.003906
-0.459229
1.078125
4.246094
-0.740723
-2.568359
4.402344
-0.324951
1.551758
1.598633
-1.277344
0.111389
-0.185669
0.173950
-0.560059
-0.663574
0.942383
-0.135376
-0.952637
-0.933594
0.544434
-1.341797
-0.216797
-0.192993
-0.879883
2.429688
0.174805
-0.182373
-0.563477
-0.141113
0.605469
-0.722168
-0.389648
2.082031
0.400146
-1.294922
6.394531
1.583008
2.134766
1.644531
-0.901855
1.702148
-0.036377
-0.058105
0.524414
0.439941
-0.562500
-0.094238
0.203125
0.945801
-0.706543
-1.405273
0.234497
-0.669434
1.825195
-1.815430
0.158203
0.020233
0.554688
1.621094
1.364258
-0.234375
0.243774
0.637695
0.005764
2.531250
1.236328
3.054688
-1.333008
2.214844
2.281250
-1.136719
0.051849
7.007812
-1.521484
-4.195312
5.632812
7.503906
-5.417969
-6.214844
1.494141
-3.619141
-0.644043
-1.676758
0.961914
-0.512695
-1.747070
0.953613
0.385986
-1.183594
0.820801
0.626465
-0.132935
0.668945
-0.708496
-0.261475
0.119385
0.161133
0.256836
-0.210327
4.449219
-0.294678
0.536133
0.465332
-0.207520
0.017853
0.148804
-0.907227
0.316162
0.187988
-0.972168
0.490967
-0.057953
5.746094
0.753906
-3.312500
2.339844
-0.137939
0.887207
0.270508
0.199463
2.619141
0.523926
-3.425781
-0.595215
-0.046356
0.215698
-0.464844
0.070557
0.301025
0.137939
0.067444
0.411377
0.496826
-0.481934
-0.243164
-0.462646
0.804199
0.217407
0.303711
1.431641
5.539062
-2.949219
-4.824219
-0.093201
-8.007812
0.987305
-0.558594
-0.693848
-0.444336
-1.723633
1.400391
-0.668945
-1.570312
-0.078979
-1.892578
0.361328
-0.285156
0.100586
-0.325195
0.273682
0.114441
0.024780
-0.048767
3.173828
0.011024
0.046661
0.575684
0.034424
-0.902344
1.150391
-2.890625
5.335938
5.367188
-2.873047
-1.908203
1.072266
2.828125
-0.051361
-2.742188
0.467529
-0.734375
-0.163330
1.003906
-0.584961
1.377930
-0.439941
-1.778320
-0.371338
0.256592
0.081909
0.187622
0.497803
0.637695
-0.006882
-0.220093
0.580078
-0.414307
-0.427002
-0.010986
-0.301758
0.832520
-0.362793
1.662109
-2.792969
2.339844
-2.039062
-2.388672
1.735352
-7.371094
1.444336
1.191406
-1.378906
0.111694
-0.900391
1.264648
-0.635742
-0.782227
-0.692871
-1.313477
-0.029099
-0.634277
0.297607
-0.085449
-0.037354
-0.069458
0.026505
0.025497
3.345703
0.082397
0.305176
0.547363
0.627441
-1.018555
0.962402
-0.182617
3.468750
6.109375
-0.259277
-4.105469
2.384766
0.843750
-1.718750
-2.529297
0.511230
-1.075195
-0.073792
1.416016
0.008240
2.527344
-0.451660
-3.412109
-0.142090
0.172485
-0.290771
-0.214233
0.378662
0.619629
0.244263
0.067627
1.062500
-0.212891
-1.035156
-0.074829
-0.189697
0.876953
-0.344971
1.233398
-0.978516
-2.257812
0.140625
-0.997070
-1.337891
-3.478516
1.082031
2.273438
-0.419922
0.061798
-1.292969
1.583008
-0.522461
0.205811
-0.367676
-0.361572
0.022766
-0.302246
0.466309
-0.325195
0.276611
-0.489502
-0.057983
-0.110901
3.175781
0.446777
-0.063416
0.740723
0.567383
-0.467773
1.166992
0.801270
-0.550781
5.292969
1.109375
-4.453125
1.182617
0.310547
-1.646484
-1.359375
0.686035
-0.762695
-0.143066
0.708496
-0.030884
1.984375
-0.492676
-2.541016
-0.239136
0.390381
-0.562988
0.286621
0.560547
0.738770
0.101257
-0.057007
0.716797
-0.328369
-0.688965
-0.210083
-0.690918
1.042969
-0.823242
0.254150
-0.853516
-2.636719
0.868164
0.359375
-1.552734
-4.894531
0.914062
1.804688
-1.335938
-0.168945
-0.635742
1.745117
-0.907715
-0.343506
-0.088684
-1.088867
-0.113037
-0.242798
-0.006721
-0.098450
0.546875
0.101074
0.003748
0.149048
3.347656
0.121277
0.128174
0.552734
0.249146
-0.353760
1.284180
0.789062
-1.857422
4.570312
0.614258
-4.175781
0.688477
-0.352539
-1.301758
-2.136719
0.680176
-1.183594
-0.046326
0.608398
0.194458
2.097656
0.381348
-2.003906
-0.683594
0.593750
-0.779785
-0.026154
0.209717
0.656250
0.294189
0.341797
1.168945
-0.304688
-0.248535
0.040161
-0.289307
0.988281
-0.717285
-0.275391
-3.138672
-3.041016
0.286133
-3.242188
-0.542969
-7.246094
0.543457
-0.371094
-1.335938
0.332031
-1.752930
0.831055
-0.152344
-0.490723
-0.417969
-1.467773
-0.066040
-0.292969
0.337891
-0.175415
0.024261
0.203491
-0.223755
-0.216309
3.447266
0.343750
0.614258
0.958496
0.398438
-0.782715
1.196289
0.577637
-2.173828
4.308594
-3.419922
-5.152344
1.911133
1.675781
-1.708984
-3.556641
1.550781
-2.630859
-0.234131
-0.084229
-0.605469
2.435547
-0.231689
-2.150391
-0.037140
0.171753
-0.334717
0.078552
0.647461
0.902344
0.165894
-0.329590
0.891602
-0.112854
-0.812500
-0.088562
-0.103394
1.325195
-0.034576
1.558594
-1.615234
-1.778320
0.851074
0.747070
-1.142578
0.131226
0.960449
0.184814
-0.367188
-0.386230
0.188599
-1.105469
1.751953
0.651367
2.158203
0.881836
-0.069336
0.216919
-0.390625
1.075195
0.708496
-0.090637
0.810059
0.021683
-1.230469
-0.634766
5.039062
-1.099609
1.993164
3.357422
1.642578
-1.997070
2.085938
0.539551
-0.239258
-0.209961
0.535645
-0.242432
0.259277
-0.311035
0.227661
-0.730469
0.692871
-0.824707
1.246094
-0.233887
1.640625
1.145508
-0.760254
-0.311523
0.947266
-0.318848
-0.002808
0.377441
1.625977
0.779785
0.903320
-0.103516
-4.875000
-0.276855
3.742188
-0.048004
-3.212891
-0.096069
0.118469
0.198730
-0.249268
-0.112915
0.169556
-0.044220
0.234131
0.212280
0.097595
0.078857
0.150757
1.054688
0.517578
0.751465
0.343262
-0.826172
0.102478
-0.240967
-0.054047
0.509277
0.435547
-0.314941
-0.034424
0.302002
1.429688
-0.001924
1.748047
-0.938965
1.837891
1.379883
0.811523
-0.021820
0.083313
0.002441
-0.192993
-0.041565
0.305664
0.012108
-0.575195
-0.161865
0.915039
-0.343018
0.473145
0.092834
-0.402588
1.180664
0.439453
-0.239990
0.709961
0.050140
-0.625488
0.064026
0.909180
0.590332
0.519531
-0.193970
0.151123
0.138916
-2.787109
-0.522461
1.490234
1.692383
-1.285156
0.134277
-0.185547
-0.169922
-0.098022
-0.156860
0.271484
-0.108521
-0.075928
-0.063965
-0.178223
-0.501465
-0.115845
0.804199
0.281494
0.395020
-0.700684
-0.610352
0.172852
-0.636719
-0.423096
0.029968
0.393555
-0.360352
-0.195068
0.690430
1.482422
-0.667480
2.062500
-0.348389
1.492188
1.133789
0.991699
0.012756
0.198486
0.145386
-0.163574
-0.162598
0.116516
0.144287
-0.392578
-0.320557
0.841797
-0.477295
0.528320
0.002522
-0.705566
0.680176
-0.377686
-0.365479
0.531738
0.916504
-0.894531
0.206421
1.012695
0.665527
-0.132202
-0.171875
0.111572
-0.012466
-2.986328
-1.624023
1.310547
1.156250
-2.599609
0.135986
-0.252441
-0.045044
0.207031
0.077637
-0.220215
-0.121582
0.312988
0.415771
-0.552246
-0.448242
-0.402344
1.323242
-0.797363
0.936523
-0.423828
-0.861816
-0.277344
-0.502441
-0.031464
0.084290
-0.209473
-0.387207
-0.308350
0.200806
2.757812
-0.259277
0.367188
0.858398
0.884277
0.962891
0.367432
-0.021942
-0.036285
0.091187
-0.228027
-0.254883
0.330566
-0.215820
-0.533203
0.045929
0.737793
-0.664062
-0.124634
-0.108582
-0.278320
0.963867
-0.244385
-0.259766
0.707031
0.662109
-0.117004
0.017380
1.045898
0.791992
-0.051880
-0.216553
0.542480
-0.505859
-2.546875
-0.369141
0.301758
0.987305
-3.072266
0.202637
-0.359863
-0.313477
0.446045
0.051239
-0.118591
-0.243042
0.290039
0.503906
-0.399902
-0.599609
0.059296
1.580078
-0.672363
0.724121
-0.307129
-0.926758
-0.710449
-0.386475
-0.379395
-0.501465
-0.114380
-0.394287
0.114685
0.087524
2.566406
0.666504
0.898438
0.406738
1.714844
0.857422
0.376709
0.092163
0.072327
0.124146
-0.074829
-0.172119
0.354248
-0.278076
-0.439941
0.313721
1.109375
-0.579102
-0.207031
0.053162
-0.294434
0.705566
-0.038788
-0.469727
1.136719
0.634766
-0.857422
-0.068848
1.041992
0.746094
0.062134
-0.455566
-0.039337
-0.413330
-1.984375
-0.732422
0.886719
1.010742
-2.232422
0.021332
0.073120
-0.022247
-0.030319
-0.112366
0.021179
-0.018250
0.250732
-0.220581
0.298828
0.559570
0.242920
0.776855
0.789551
0.750488
0.285156
-0.925781
0.009621
-0.227783
-0.145996
0.418701
0.426514
-0.204102
0.065308
-0.100586
0.658691
0.368896
1.811523
-1.982422
2.347656
1.726562
0.986328
-0.048645
-0.121887
0.081116
-0.009399
0.098267
0.285156
0.232666
-0.436035
-0.227417
0.500977
-0.107788
0.525391
0.073730
-0.535645
0.778809
-0.164185
-0.089722
0.632812
0.269531
-0.547363
-0.344482
0.137817
0.431641
0.294922
-0.147949
0.235840
0.134033
-2.664062
-0.862305
3.308594
1.762695
-1.669922
2.070312
-0.929688
-1.744141
0.660156
0.565918
-0.159424
-0.247559
-0.694336
0.633789
-0.781738
-2.066406
-1.016602
1.572266
-2.017578
1.021484
-1.130859
-0.331299
-0.069702
0.698730
-0.470459
0.007683
-0.330566
-0.304199
0.441162
1.093750
1.244141
0.186646
2.375000
3.394531
-1.341797
2.478516
1.770508
-1.246094
1.601562
0.116943
-0.533203
0.361816
0.986328
-0.324951
-1.221680
0.301514
0.855469
-1.279297
-0.769531
-0.574219
0.895996
0.938965
0.993164
2.455078
0.534668
0.167236
1.178711
0.137939
0.711426
-0.533691
0.789062
-0.497070
-0.132935
-1.280273
-2.203125
-0.526367
-2.736328
-2.300781
-4.230469
-0.027527
-0.010254
0.122192
0.293213
-0.219116
-0.488525
-0.497559
0.617676
0.310059
-0.074158
0.578613
0.104858
2.142578
-1.975586
0.615234
-0.739746
-1.095703
-0.542480
-0.083191
0.493408
-0.070129
0.430176
-0.214844
0.137207
0.512207
2.966797
0.135864
0.575684
1.762695
0.154175
0.586426
0.904297
-0.271729
0.528809
0.516113
-0.098938
-0.726074
0.541992
-0.323975
-0.602539
1.012695
1.968750
0.644043
-0.300293
0.914551
-0.247314
1.843750
0.459473
-0.781250
0.945801
0.406494
-0.747559
-0.002319
0.812988
0.651367
0.345703
-0.780273
0.570312
-0.139771
-1.479492
-0.668457
-0.862793
0.644043
-2.011719
-0.167969
0.280518
0.497070
-0.027832
-0.871582
0.785645
-0.731445
0.007629
0.422363
-0.225464
-1.278320
-0.450928
1.362305
-1.859375
0.989746
-0.285645
-2.349609
-0.806641
-0.100708
-0.158081
-0.085266
-0.241821
-0.162842
-1.104492
-0.067688
3.158203
0.016312
-0.087524
0.325684
0.950684
-0.742188
1.190430
-0.163330
0.659668
0.476807
-1.119141
-1.001953
0.958496
0.486328
-1.184570
-0.592285
1.397461
-1.074219
0.194824
0.613770
-1.518555
1.642578
0.361572
-1.364258
1.696289
0.302979
-0.105774
-0.622070
1.598633
0.531738
-0.486328
-1.094727
0.422363
-0.678223
-1.989258
-0.249878
-0.150635
0.074402
-1.861328
-0.095276
-0.117676
-0.247314
0.736328
0.368164
-0.326660
-0.759277
0.622070
0.978516
-0.254883
-1.764648
-1.076172
1.094727
-0.655762
0.435303
-0.485840
-0.960938
-0.371582
-0.609375
0.302002
-1.027344
-0.320312
-0.510742
0.385498
0.312012
3.818359
0.412109
-0.479248
0.850098
0.995605
-0.670410
0.153320
0.006332
-0.135132
0.196167
0.230957
-0.717285
0.857910
-0.201172
-1.008789
-0.053345
1.985352
-0.104431
0.148071
-0.056946
-0.774902
1.584961
-0.531738
-1.371094
0.908691
0.255127
-0.297363
0.218750
0.880371
0.581543
-0.054840
-0.170776
0.714844
-0.407959
-1.170898
-0.052338
-0.153442
1.267578
-2.371094
-0.017273
-0.270020
-0.366211
0.607422
0.381836
-0.178467
-0.243042
0.736816
0.687988
-0.799805
-2.109375
-0.384277
1.505859
-1.354492
1.084961
-0.618652
-1.461914
-0.180908
-0.078308
-0.229126
-1.382812
-0.789551
0.158203
-0.228149
-0.223145
3.818359
0.257324
-0.135254
0.530273
0.614258
-0.196777
0.585938
0.027390
-0.060303
-0.000580
-0.017212
-0.662598
1.009766
-0.187256
-1.065430
-0.542480
1.299805
-0.495361
-0.067322
1.115234
-1.064453
1.346680
0.328857
-0.947754
0.653809
0.111206
-1.045898
-0.281982
0.619629
0.746094
-0.376221
0.018234
0.662109
0.044891
-0.963867
-1.105469
0.301270
1.182617
-1.937500
-0.086792
-0.091431
-0.261230
0.249512
0.038330
-0.133789
-0.673340
0.446045
0.608887
-0.560547
0.170532
-0.438477
2.664062
-1.791992
0.624023
-1.099609
-1.733398
-0.977051
-0.668457
0.160889
-0.528809
-0.217163
-0.567871
0.239990
0.877441
2.234375
0.538086
1.073242
2.515625
0.517578
1.140625
1.394531
0.089661
-0.071533
0.035034
-0.203979
-0.382324
0.779297
-0.573242
-1.159180
1.345703
3.355469
0.049469
-0.723633
0.618652
-0.060394
1.708984
-0.278076
-1.068359
1.058594
0.934082
-1.040039
0.185059
1.342773
1.250977
0.211792
-0.984375
1.017578
-0.193970
-2.095703
-0.898438
-0.848145
-0.306885
-2.390625
-19.796875
2.531250
3.703125
-2.162109
-1.700195
1.721680
-3.777344
2.992188
0.328857
-0.884277
1.263672
-1.584961
0.561035
0.491455
-2.222656
0.007809
1.116211
0.292236
0.354736
-0.657227
-0.270264
-0.370117
0.328857
0.288086
-0.063354
5.988281
0.030609
-0.529785
0.129639
-1.038086
-0.832520
-0.475342
-0.017838
-0.633789
3.177734
-0.740723
-1.538086
2.027344
-0.444580
1.350586
-0.403320
0.926758
1.504883
-1.340820
0.946289
-0.129883
1.006836
0.603516
-0.936035
0.193359
-0.522949
0.487793
-0.027481
-0.838379
-0.262207
-0.527344
0.312988
0.512695
-0.368164
2.279297
-0.468018
-0.602539
1.040039
0.218628
-7.207031
1.609375
0.324219
0.176758
0.718262
-0.180176
-3.912109
2.933594
0.437012
-0.838379
0.980957
-2.443359
2.097656
0.003830
-0.490723
-0.455078
-1.414062
-0.303955
-0.623535
-0.063599
-0.575684
0.415283
0.032349
0.256592
-0.036316
6.621094
0.326172
-0.695801
0.815918
0.763184
-1.193359
1.358398
-16.250000
2.300781
6.113281
-3.296875
-2.439453
3.521484
-1.779297
0.659668
-2.060547
1.457031
-0.919922
-0.300293
0.676758
0.187866
1.974609
0.227051
-2.322266
-0.167480
0.372070
-0.689453
0.055664
0.443848
1.066406
0.201782
-0.179565
0.721680
-0.339844
0.215698
-0.209351
-0.402832
3.236328
-1.630859
6.582031
-1.265625
-1.683594
0.657227
3.253906
0.324707
-3.794922
0.682129
0.376953
-0.274658
-0.055817
-2.466797
1.811523
0.064819
-0.270508
0.030197
-1.135742
-0.337891
-0.482422
0.271729
-0.244873
0.040192
0.092102
0.352051
-0.233154
4.890625
0.424805
-0.458984
0.610840
0.445312
-1.539062
1.040039
-12.117188
1.728516
3.988281
0.271240
-2.937500
1.053711
-1.501953
-0.354248
-0.877930
1.657227
-0.641113
-0.416992
0.866211
-0.088867
1.894531
0.083801
-2.568359
-0.105835
0.389404
-0.270996
0.200562
0.536621
0.941895
-0.216797
-0.385254
0.502441
0.179932
0.165405
-0.377930
-0.163574
2.550781
-0.990234
12.390625
-0.479004
-4.199219
2.597656
2.605469
-2.140625
-2.878906
2.564453
0.441162
-1.307617
0.821289
-2.599609
1.058594
0.171387
0.324463
-0.169800
-0.678223
-0.380615
-0.615234
0.096741
-0.551758
0.342285
0.424316
0.227905
0.086304
6.132812
-0.269531
-0.467041
0.687988
0.911621
-1.216797
0.918457
1.187500
-0.091492
4.335938
-0.129883
-4.050781
3.009766
-1.361328
0.615723
-0.669434
2.242188
-2.019531
-0.444336
-0.218628
-0.531250
2.134766
-0.241089
-2.935547
-0.194458
0.704102
-0.649902
0.583984
0.650391
0.881348
0.083069
-0.676758
0.668457
0.161133
-0.104614
0.079773
-0.365479
3.134766
-1.458984
2.822266
1.195312
-4.140625
3.281250
3.248047
-2.064453
-3.878906
1.537109
1.169922
-0.580566
0.210693
-1.879883
1.734375
-0.764648
0.578613
0.051697
-0.236694
-0.191895
-0.988770
0.503418
0.206421
-0.114136
0.204712
-0.204102
-0.470947
4.761719
0.573242
-0.269531
1.068359
1.057617
-1.626953
1.097656
5.535156
-0.293701
2.753906
-1.394531
-3.152344
2.582031
-2.558594
0.329834
-0.122803
1.820312
-1.991211
0.091675
-0.318115
-0.854492
2.082031
-0.154541
-3.310547
0.139648
0.629883
-0.478516
0.075684
0.644531
0.729492
-0.020203
-0.468262
1.237305
-0.019623
-0.459473
0.110168
0.032928
2.238281
-0.449463
-4.597656
-2.480469
-2.933594
1.603516
1.806641
-1.187500
-2.490234
1.333984
1.270508
-0.797363
0.008682
-1.783203
1.644531
-0.551270
-0.621094
-0.274170
-1.165039
-0.326904
-0.664062
0.260010
-0.423828
0.416992
0.090576
-0.116943
0.099854
4.207031
0.182861
0.098877
0.608398
0.550293
-0.666016
0.719238
9.007812
-1.369141
-0.256836
-2.050781
-1.854492
1.358398
-1.257812
1.655273
-2.558594
1.181641
-0.542480
0.052490
0.232056
0.083252
1.265625
0.169922
-2.314453
0.017059
0.329590
-0.522461
0.281982
0.461426
0.955566
0.175049
-0.190430
0.622559
0.086792
0.237427
0.070068
0.005753
2.140625
-0.557617
-1.582031
2.281250
3.312500
-2.441406
-3.027344
2.281250
0.042999
-0.966797
-1.764648
2.943359
0.243286
-0.889160
0.236694
1.548828
-0.705566
-0.128296
-0.640137
0.661621
-0.242188
0.282471
-0.090149
0.123230
0.543945
0.027832
-0.464844
3.945312
-0.093384
0.319580
0.779785
-1.323242
-1.603516
-0.527832
2.050781
-2.130859
-1.884766
0.113831
0.628418
-0.518066
2.603516
-0.762695
-0.779785
2.539062
1.792969
1.469727
-0.587402
-1.092773
0.569336
-0.274414
-3.308594
0.179688
-0.102051
-0.802246
0.125854
0.185669
0.072876
-0.554688
-0.521484
-0.131104
0.926270
-1.281250
0.459961
-0.256348
0.405273
0.394043
0.084778
0.029556
0.246338
0.135132
-0.601074
-0.101990
-1.031250
1.136719
0.706543
-0.714355
-1.109375
-1.108398
1.213867
-0.170532
0.342041
-0.958496
-1.272461
-0.001866
-0.499023
0.217041
-0.304932
-0.141479
-0.137329
-0.479004
0.085876
3.080078
-0.174194
0.401855
1.306641
-0.384277
-0.126343
0.379150
0.062469
0.019012
0.194824
-0.533203
-0.728516
0.932129
0.363770
-0.722656
-0.550781
2.425781
-0.462646
0.619141
-0.134644
-0.213501
1.105469
1.049805
-1.115234
0.359863
0.692383
-0.962891
-0.276855
0.267090
0.820312
0.315674
-0.386475
0.364014
0.210083
-1.544922
0.175903
-0.576660
1.180664
-1.050781
0.044525
-0.224365
-0.104248
0.013184
-0.401855
0.160034
-1.052734
0.605957
0.557617
-0.316650
-1.650391
-1.091797
0.213745
-0.348389
1.091797
-1.031250
-1.636719
-0.760254
-0.792969
-0.183105
-0.638184
0.359375
0.286621
0.682617
0.017700
2.857422
0.774414
-0.130005
0.972168
0.418701
-0.361328
1.504883
0.025726
0.245850
0.098511
-0.619629
-0.608887
0.888184
-0.037354
-1.117188
-1.452148
1.823242
-0.605469
0.361084
0.052368
-0.354736
1.387695
-1.571289
-2.208984
1.531250
0.936035
-1.634766
0.209839
1.065430
0.177246
-0.165283
-0.749023
0.991211
-0.595703
-1.182617
-0.654297
-0.141846
0.211670
-1.789062
-0.205688
0.006348
-0.381592
0.611328
0.806152
-0.818359
-0.918457
1.338867
0.869141
-0.143311
-1.332031
-0.409424
1.307617
-0.783203
0.588379
-0.304443
-1.158203
0.090637
-0.075684
-0.532715
-0.346436
0.637695
-0.021378
0.365967
-0.080444
3.304688
0.464600
-0.507812
0.651855
0.439697
-0.290771
0.663574
0.047424
-0.406738
-0.057617
0.239746
-0.369385
0.709961
-0.770020
-1.037109
0.013184
2.107422
-0.818848
-0.193726
0.809570
-0.510254
1.225586
-0.311279
-2.041016
0.659668
0.759766
-0.295654
-0.045166
1.250977
0.503418
0.577637
0.002398
1.138672
-0.182007
-1.572266
-0.057831
0.270996
0.966309
-1.872070
-0.064270
0.397461
-0.329590
0.558105
1.002930
-1.041016
-0.819824
1.463867
0.870605
-0.597656
-1.412109
-0.746094
1.846680
-1.182617
1.818359
-0.341797
-1.235352
-0.471191
-0.493164
0.176758
-0.101501
0.035736
0.244629
0.696289
0.322998
3.394531
0.435791
-0.599609
0.865723
0.395508
-0.021484
0.933594
0.011642
-0.595703
-0.651855
0.797852
-0.095215
0.460693
-0.755859
-0.852539
-1.037109
2.685547
-1.205078
0.168823
0.147827
-0.530273
1.291992
-0.605469
-2.146484
1.145508
0.911621
-0.217896
0.564453
1.121094
0.598145
0.269775
0.131714
0.978027
-0.381348
-0.719727
-0.293457
-0.205566
0.716309
-2.341797
0.052277
-0.147705
-0.111389
0.208008
-0.267090
-0.177002
-1.001953
1.220703
1.513672
-0.303223
-0.912109
-0.428223
0.939941
-0.047729
1.083984
-0.658203
-0.365967
0.144897
-1.315430
0.630371
0.173340
-0.027100
-0.550781
-0.241211
1.284180
3.351562
-0.149048
1.288086
2.525391
0.556641
0.038239
-0.460205
0.067627
-0.055664
0.174438
-0.291992
-0.793457
0.760254
0.392578
-0.337646
-0.491699
1.825195
0.148926
-0.173706
-0.128418
-0.900391
1.371094
0.380127
-1.136719
1.245117
0.582520
-1.780273
0.314453
0.930176
0.618652
-0.296875
-1.020508
0.693359
0.235107
-2.156250
0.738770
-1.175781
1.208008
-0.965820
-5.714844
6.015625
-1.289062
1.125000
1.599609
1.315430
0.219238
1.431641
1.003906
0.979004
0.233276
-0.047546
0.128418
-0.339844
-1.965820
-0.014236
-0.037109
-1.579102
4.246094
0.006226
-0.416992
0.276367
-0.666504
-0.773926
-5.992188
-0.751465
-0.434814
0.965820
-1.011719
-0.249756
-0.479980
0.068054
-1.574219
2.953125
-2.220703
-2.808594
0.165527
-4.277344
-0.989746
2.060547
0.065857
-0.323730
0.327881
-0.429199
-2.599609
0.277832
-0.339844
0.723145
-0.273682
-0.111633
-1.374023
-1.291992
-0.587402
-0.067627
-0.495850
-0.606445
0.159790
0.200562
1.036133
-0.737305
-1.784180
0.886230
-0.425049
0.008247
-0.184570
-0.013672
0.108887
2.296875
-0.697266
0.960938
-1.400391
-0.843262
0.997559
0.665527
0.098389
0.316895
-0.156494
-0.790527
-0.557129
-0.043060
-0.960449
-0.819824
5.859375
-0.182251
0.836426
-0.052032
-0.393799
-2.242188
-5.203125
0.070435
-0.056885
-0.475342
-0.650879
-0.626953
-0.116455
-0.105713
-3.960938
5.414062
-2.156250
-1.302734
1.382812
-0.718262
0.280029
1.238281
0.266846
-0.904785
0.508789
-0.184082
-2.705078
-0.263428
1.342773
-0.191528
0.038574
-0.502930
0.124268
-0.398926
0.415039
-0.028793
-0.723633
1.941406
-0.693359
0.500488
0.355957
-0.850586
-0.420166
0.331543
-0.232666
0.222900
2.503906
-1.904297
0.437500
3.009766
0.587891
3.902344
-0.306885
0.893066
-0.239746
0.933105
-0.304688
-0.424561
-0.969727
0.134033
-0.115295
-0.865234
-0.259033
0.443359
6.039062
-0.070129
-0.207153
-0.136353
1.234375
-2.042969
-4.410156
-0.637207
-0.846680
-0.372070
0.430176
-0.073608
0.025925
0.007988
-1.714844
2.976562
-0.137939
-0.340820
-0.175171
-1.132812
1.246094
2.111328
-0.444580
-1.021484
-0.524902
-0.794922
-1.168945
-0.514648
1.294922
0.265137
0.345459
-0.283447
-0.499268
-0.328369
0.032654
0.299316
-0.551758
1.968750
0.157227
0.082092
-0.248535
-0.569824
0.666504
0.282715
-0.164185
0.111572
3.460938
-7.125000
1.276367
2.705078
-0.874512
2.082031
-0.247192
-0.818848
-0.002380
1.571289
0.720215
-0.892090
-0.657715
-0.787109
0.560547
0.769531
-0.589844
0.153198
7.019531
0.397217
0.522461
-0.009315
0.542480
-1.751953
-5.031250
-0.444092
-0.049866
-1.035156
0.342773
-0.159790
-0.439209
-0.090759
2.632812
0.269531
-0.960938
1.271484
-0.930176
0.190186
-0.192017
2.207031
0.362793
-0.775879
0.783691
0.488281
-1.952148
0.542969
1.517578
0.015144
0.415527
-0.402832
0.398926
0.114624
-0.170898
0.292725
0.119568
1.981445
-0.700195
0.212891
-0.491943
-1.732422
0.201294
-0.564941
-0.314697
0.036438
1.317383
-4.468750
0.480469
1.934570
-1.144531
0.932617
-0.209961
-1.292969
-0.442871
2.515625
0.156860
-0.762207
-1.771484
-1.008789
0.687988
1.225586
-0.747559
-0.717285
5.875000
0.009148
0.329834
-0.445312
0.886719
-2.650391
-3.177734
0.173706
-0.687012
-1.325195
-0.066101
-0.016144
0.043732
-0.473877
1.131836
-2.769531
-1.264648
2.109375
-0.826172
2.476562
0.072876
2.582031
1.484375
-0.329102
0.356445
-0.190430
-2.455078
0.063477
2.226562
0.155029
0.605957
0.368652
-0.019775
-0.172241
-0.432617
-0.834473
0.474121
1.396484
0.754883
0.413330
-0.278564
-1.136719
0.384277
-0.231079
-0.275146
0.405518
-0.273193
-1.585938
0.660156
1.511719
-0.656250
1.461914
-0.082520
-0.562500
1.403320
0.879395
0.579102
0.285156
-0.801270
-1.132812
-0.633301
1.128906
-0.055847
-0.415039
3.054688
0.247925
0.379395
0.682617
-0.156738
-1.238281
-4.710938
-0.190796
-0.178223
0.212646
-2.695312
0.542969
-0.008560
-0.494629
0.935547
-0.521973
-0.295898
0.147705
1.126953
-0.279297
0.975098
1.221680
-0.080322
-1.000977
0.241211
1.028320
-1.362305
0.272949
1.478516
-0.024048
0.786133
-0.328613
0.066040
-0.072327
0.225098
-0.020523
-0.520020
1.384766
0.902832
1.087891
1.314453
-1.088867
-0.192871
0.756836
0.049316
0.136597
1.922852
-1.802734
1.577148
0.204468
-0.173218
0.169678
0.125488
-0.367432
0.759766
-0.864746
-0.895020
0.895508
0.368164
0.833984
-1.959961
1.778320
0.419189
1.120117
-0.102966
-0.344971
-0.249268
2.287109
1.714844
-0.180420
1.593750
3.472656
-1.959961
1.602539
0.051910
-3.765625
-0.026672
2.076172
-0.768555
-0.364014
0.541992
0.342773
0.143188
1.571289
-0.626953
-0.918457
-0.324219
-0.858398
-0.708008
-0.598145
3.607422
-0.932129
2.494141
-0.115906
-0.315674
1.092773
-0.265625
0.142212
-0.625977
-1.682617
-1.743164
3.650391
2.857422
-0.844238
-1.482422
-5.675781
1.056641
-3.197266
-0.396729
-1.039062
0.335449
-0.401367
0.368652
0.249268
-0.598633
0.536621
-0.317383
-1.148438
0.954590
2.142578
0.493164
0.060181
-1.958008
-0.786621
-1.370117
1.205078
-0.518066
0.397217
2.439453
0.620117
0.211914
0.681152
0.444824
-0.974609
-0.606445
0.542480
-0.204224
-0.254883
-0.399902
0.032288
0.153931
-0.218018
-0.056641
-0.165161
0.349854
0.545410
0.289307
0.430420
0.295898
0.560547
0.133911
-1.091797
0.505859
-0.471680
-0.708008
-0.030090
2.472656
0.289551
0.324707
0.085266
0.654785
-0.371338
-0.184937
-1.001953
-0.197388
3.601562
0.619629
-0.268311
-0.461182
-0.338135
1.184570
-0.602539
-0.314453
0.031982
0.535156
-0.408691
-0.177612
-0.021973
-0.331543
0.770020
-0.435547
-0.974609
0.389893
1.685547
0.218140
0.020111
-2.685547
-0.315674
-1.258789
1.475586
-1.258789
-0.102478
2.945312
-0.246338
0.526855
0.771973
-0.080139
-0.849121
-1.048828
-0.180786
-0.366211
0.155029
-0.580566
0.058990
0.224365
-0.471191
0.351318
-0.217773
0.396973
0.803711
-0.160400
1.198242
0.701660
1.015625
0.426025
-1.325195
0.388184
0.594727
-1.356445
0.228516
2.550781
0.043945
0.458740
-0.124512
0.318115
-0.311279
-0.552246
0.192139
0.456055
3.708984
0.673828
-0.099243
-0.198853
-0.278809
1.187500
-0.873047
-0.329346
0.220703
0.265625
-0.555664
0.177368
0.237061
-0.232422
0.745605
-0.564453
-1.109375
0.149902
1.935547
0.780273
-0.250732
-2.494141
-0.372070
-0.940918
0.589355
-1.111328
0.464600
2.843750
0.278809
0.498047
0.837402
0.997559
-1.148438
-0.968262
0.794922
-0.462646
0.748535
-0.352539
-0.074219
-0.293457
-0.177612
0.497803
-0.018066
0.039551
0.625000
0.130859
0.522949
0.570801
0.849609
0.163208
-1.154297
0.291748
0.294189
-1.389648
0.445801
2.312500
0.234497
0.458252
0.114807
0.473877
-0.459961
0.087341
0.142090
0.384277
3.279297
0.367676
0.396240
-0.227539
-0.324951
1.601562
-0.157837
-0.262451
0.286133
-0.539062
0.004150
0.021179
-0.106201
-0.591309
0.439209
-0.883789
-1.180664
0.337158
2.345703
0.521973
-0.358887
-3.289062
-0.568848
-0.788574
1.007812
-1.459961
0.084900
2.566406
0.037231
0.264404
0.627441
0.747070
-1.036133
-1.050781
0.133057
-0.057739
0.460938
-0.199707
0.250977
0.057587
-0.246826
0.315918
-0.496826
0.319092
0.726074
-0.206055
1.291992
0.724609
1.206055
0.284668
-0.926758
0.531250
0.619141
-1.612305
0.436035
2.259766
-0.490967
0.606445
-0.019073
1.112305
-0.291992
-0.175293
0.318115
0.203369
3.330078
0.721191
-0.043610
-0.499268
-0.245728
1.367188
0.033966
-0.663086
0.263184
-0.284912
0.297119
-0.148560
0.037506
-0.295898
0.389648
0.385498
-0.179321
0.366455
1.572266
0.604492
0.196655
-2.445312
-0.454346
-1.862305
1.402344
-1.075195
0.166016
2.912109
0.566406
0.029510
0.178223
0.012245
-0.949219
-0.625977
0.678711
-0.127686
-0.067566
-0.372314
0.256592
0.481201
0.019562
-0.007568
-0.124329
0.325195
0.296631
0.017090
0.224365
0.093018
0.481445
-0.218384
-1.509766
0.522461
-0.550293
-0.169922
0.154175
2.378906
0.008919
0.060486
0.104431
0.801270
-0.162842
-0.306885
-0.831055
0.409912
3.517578
1.071289
0.004440
-0.375000
0.260986
0.906738
-1.098633
-0.179932
-0.002457
-1.183594
2.820312
-0.950195
-1.216797
0.957031
-1.994141
0.018799
1.041016
0.353271
0.402832
0.702148
0.014893
-3.333984
0.773438
-5.902344
0.214355
1.087891
-1.234375
7.269531
0.349121
0.944336
-0.703613
-2.947266
-0.081177
-2.082031
-1.717773
0.012009
0.921875
-1.707031
0.738770
0.827148
-1.323242
0.959961
-0.655273
-0.259521
-1.601562
0.299805
-2.689453
-0.598633
-0.851562
0.128174
-0.285156
1.119141
0.966797
-2.507812
-0.684570
0.821289
1.486328
-1.391602
0.524902
-0.164185
-0.260498
-0.180908
0.466553
-0.326172
1.608398
-1.685547
0.778809
0.698730
2.980469
-1.164062
0.281250
0.329590
0.782715
-0.358887
0.128418
0.315186
1.266602
-0.519043
0.902344
-0.167725
-1.110352
0.870605
2.726562
-0.133789
0.232178
-3.007812
-1.083008
-2.500000
0.396973
-1.086914
-0.158203
5.085938
-0.452637
0.450928
-0.007401
-0.586426
-1.325195
-0.972656
0.490967
0.031128
-0.478271
-0.449707
-0.240479
0.023560
0.234253
-0.467041
0.972656
-0.874023
-0.549805
1.034180
-0.071960
0.629883
0.209961
0.229858
-0.865723
1.603516
-0.096924
-3.623047
-0.703613
1.708984
0.914062
-0.135498
-0.405029
0.302246
0.040863
0.244873
0.264404
0.596680
2.130859
-0.197021
0.507324
0.198486
-0.499023
0.671387
-0.062408
-0.038971
0.106689
0.355713
-0.357666
0.773438
1.009766
-0.691895
1.541992
-0.993652
-1.341797
1.507812
4.316406
0.112183
0.471924
-4.250000
-0.120850
-2.490234
0.431885
-1.764648
-0.450684
4.746094
0.180298
-0.001415
0.473633
0.395508
-1.972656
-0.560059
-0.218750
0.044281
0.229126
-1.242188
-0.018066
-0.355469
-0.188232
-0.179443
0.247559
-0.010010
0.166260
0.262207
-0.430908
1.488281
0.166626
0.402832
-0.771484
0.501953
0.427490
-4.101562
0.218140
2.503906
0.072205
0.537598
-0.028732
0.984863
-0.125000
-0.330811
-0.920898
-0.102295
2.457031
0.315430
0.249634
-0.419678
-0.695801
0.693848
-0.191895
-0.007603
0.033234
-0.041565
-0.419189
0.658203
0.766602
-0.631348
1.157227
-0.924805
-1.514648
0.541504
2.847656
0.903320
-0.235596
-3.003906
-0.179321
-1.647461
0.521484
-1.272461
-0.190430
4.062500
-0.333008
-0.243530
0.787598
1.256836
-1.301758
-0.909668
-0.360107
-0.460205
0.060944
0.007168
0.092468
-0.089233
-0.135254
0.390137
-0.137207
0.175781
0.925293
-0.137207
0.286621
1.069336
-0.113892
0.443848
-0.457520
-0.017426
0.616699
-3.041016
0.632812
2.500000
-0.257080
0.852051
-0.065491
1.026367
0.203735
-0.171631
0.268799
0.225464
2.468750
0.479004
0.409180
-0.674805
-0.480713
1.486328
-0.120361
-0.299316
-0.111816
0.167358
-0.460938
0.234985
0.371094
-0.281006
1.054688
-1.560547
-0.863281
0.208984
2.812500
0.285889
-0.218994
-2.988281
-0.727539
-1.507812
0.547363
-0.011482
-0.663086
4.328125
0.054596
0.607910
0.596191
0.797852
-1.234375
-0.724121
0.192383
-0.318359
-0.202026
-0.416016
0.390869
0.284912
-0.063049
0.214844
0.033081
-0.437500
0.474121
0.247681
1.414062
1.508789
0.487305
0.316162
-0.875488
0.726074
0.423584
-2.910156
0.188477
1.639648
0.197876
0.238037
-0.046692
0.746582
0.074158
-0.700195
0.735840
0.394531
3.056641
0.548828
0.541016
-0.794922
-0.981445
1.070312
-0.330566
-0.170288
0.076294
-0.156738
0.029388
0.457031
0.720703
-0.412354
0.345459
-0.084229
-1.076172
1.955078
2.937500
0.333984
0.077454
-3.972656
-1.485352
-3.246094
0.846680
-0.492188
0.521973
5.089844
-0.065857
0.625000
0.978027
-0.443604
-1.158203
-0.207642
-0.247681
-0.691895
0.628418
-0.480469
-0.580078
0.009216
-0.343994
0.089844
-0.203491
0.141357
0.083740
0.285645
-0.244141
1.399414
0.892090
0.575195
-1.829102
2.080078
0.306641
-3.017578
-1.035156
1.750977
-0.336670
0.505859
0.161987
-0.459473
-0.356689
-0.203003
0.291992
-0.122131
1.050781
-1.756836
-0.748535
0.118896
-0.528320
0.955566
1.118164
0.175659
0.155762
-12.765625
5.242188
-0.973633
2.238281
1.220703
1.948242
-0.598145
1.144531
0.496338
1.431641
-0.230103
0.140625
-0.214111
0.323242
-1.176758
-1.794922
-1.106445
-1.363281
7.550781
0.412842
-1.995117
0.707031
-0.734375
0.651855
-15.453125
1.987305
-0.787598
0.722656
0.804199
-0.720215
0.398682
-0.634277
-2.388672
3.609375
-3.771484
-2.714844
0.589355
-2.726562
-0.051392
1.497070
-0.048523
-0.183716
0.076111
1.221680
-3.507812
0.973145
-1.019531
-1.890625
-0.750000
0.559570
-0.415283
0.466064
-0.472168
0.929688
0.371094
1.679688
-0.977539
-0.380127
0.138672
1.298828
-0.740234
0.473633
0.534180
-0.375488
-1.203125
-1.824219
2.824219
3.439453
-1.167969
2.636719
0.060486
-1.577148
1.540039
0.162231
-1.187500
0.549805
-0.752930
0.445801
-0.223145
-0.720703
-0.228271
-1.674805
7.335938
0.102905
-0.560059
-0.373291
-0.471680
-1.072266
-12.835938
0.778809
-0.274170
-1.210938
-0.267334
-2.488281
-0.286865
-0.355713
-13.843750
3.218750
-2.884766
-1.375000
0.758789
1.123047
-0.103333
2.669922
-0.903320
-1.873047
0.865234
-0.459229
-3.634766
0.152710
1.054688
-1.307617
-0.350098
-1.156250
0.105408
0.772949
-0.456299
1.086914
-0.701660
3.121094
-3.361328
-0.688965
0.340576
0.759766
0.416992
-0.770508
-0.250244
0.901855
5.890625
-1.319336
0.578125
3.414062
0.636230
3.697266
-0.964355
0.434570
0.215820
1.641602
-0.506836
-1.236328
-1.516602
-0.275879
1.242188
-0.757812
-1.008789
1.138672
6.308594
0.483887
-0.644043
-0.796387
2.208984
-1.198242
-11.351562
-0.283447
-0.723633
0.594727
0.814941
-0.869629
-0.701172
-0.801270
-6.988281
3.285156
0.009521
-0.255859
-0.145142
-0.942383
0.382324
2.597656
-0.924316
-0.473877
-1.175781
-1.804688
-3.035156
0.536621
2.392578
0.294189
-2.525391
-1.160156
-0.824219
0.030380
-0.078613
0.559082
-0.908203
2.515625
-1.899414
1.266602
-0.153931
0.316895
1.175781
-0.732422
-0.037079
0.218018
14.445312
-3.769531
2.601562
4.601562
-1.058594
3.162109
0.288330
-1.148438
-0.403320
1.462891
-0.155273
-1.309570
-1.749023
-0.334473
1.765625
2.298828
0.460693
-0.376953
7.816406
1.523438
0.206543
-1.258789
-0.410889
0.121094
-13.414062
-1.074219
0.365479
-0.790039
2.027344
-2.140625
-1.356445
-0.820312
5.417969
-1.158203
-1.741211
0.866211
-2.283203
0.035645
0.814453
3.343750
-1.417969
-1.252930
0.721191
-0.130615
-3.015625
0.575684
0.650879
0.266602
-1.332031
-0.177734
0.016861
0.845215
0.795410
0.385498
-0.219360
4.394531
-3.601562
0.274658
-1.219727
-1.135742
2.603516
-2.951172
-2.015625
1.840820
3.406250
-2.439453
1.620117
3.167969
-2.419922
2.859375
-0.916992
-1.188477
-0.656250
2.591797
-0.842285
-1.947266
-2.271484
0.424316
1.803711
4.097656
-1.572266
-1.435547
7.550781
-0.528320
3.113281
-1.849609
1.469727
-1.555664
-13.234375
-2.603516
-0.822266
-0.577637
2.591797
-3.445312
-2.359375
-1.917969
12.242188
-1.240234
-0.650391
2.648438
-1.107422
3.509766
1.395508
3.652344
0.927734
-2.095703
2.919922
-1.351562
-2.550781
0.773926
1.951172
0.971191
-0.491455
1.976562
-0.164673
-1.607422
-2.474609
-1.151367
-0.769531
4.878906
-2.060547
0.697266
-1.622070
-0.120117
1.783203
-1.363281
-1.817383
3.134766
-6.281250
-0.754395
2.226562
2.759766
-1.376953
1.907227
0.418701
-0.329590
0.862305
1.205078
-0.757812
1.282227
0.082764
0.750000
-0.168091
0.551270
-0.595703
-0.992676
5.648438
-1.467773
-0.260010
-0.422607
-0.818359
-1.469727
-12.570312
-0.302979
-0.976074
0.289551
0.782715
-1.188477
-0.854980
-0.572266
8.476562
-2.267578
1.023438
1.898438
-0.616211
1.949219
1.063477
2.585938
1.066406
0.253662
1.538086
0.541992
-2.447266
0.152588
3.820312
-1.340820
-0.185059
0.033936
0.245361
-0.017426
-0.567871
0.302246
-0.134277
3.070312
-1.786133
-0.332520
-0.094604
0.881836
0.182373
0.150635
0.147583
0.484375
-2.919922
0.591309
-0.124084
0.653320
1.539062
0.683594
-0.661621
0.707031
0.074280
-0.300537
-0.414551
0.578613
2.222656
1.308594
-2.355469
-0.859375
0.778809
-0.850098
5.308594
0.172485
-0.876465
0.386475
-1.059570
1.867188
1.446289
0.336670
-0.323975
0.817383
-0.708008
-0.407715
0.043396
0.295410
-1.100586
1.704102
-0.788086
-2.607422
-0.223755
-1.667969
-0.548828
1.206055
-0.492188
0.048096
-0.694824
0.520020
-4.687500
0.296631
-1.620117
-0.553223
-0.891602
0.017761
-0.032959
-0.891113
-0.205078
0.161133
-0.259033
-0.753418
-0.259277
-0.389648
1.462891
-0.740234
0.690918
0.017273
0.154663
-0.478027
1.664062
-2.804688
0.707031
5.058594
-0.897949
1.972656
-0.866699
-1.366211
0.586426
0.930176
-0.206299
0.542969
-1.052734
0.240845
-1.860352
-0.985840
-0.927734
-1.204102
8.960938
0.387695
-0.217163
-0.352783
-0.861328
-0.497314
-1.110352
-0.497803
0.321777
-1.170898
-0.352783
-1.002930
0.154419
-0.208008
-2.472656
2.445312
-1.290039
0.464844
-0.095276
0.757812
-0.163330
3.312500
-0.361572
-0.791992
-0.143066
0.323975
-4.335938
-0.397217
0.167969
-0.027496
0.315674
-0.311279
0.975586
-0.036560
-0.117432
0.936035
-0.042206
1.726562
-3.902344
0.472656
0.028503
-0.697266
-0.094849
0.263184
-0.271240
0.242554
2.015625
-1.529297
-0.243408
3.978516
0.297852
3.548828
-0.876953
-0.444580
0.463623
1.224609
-0.296875
-0.639160
-0.916992
-0.447754
0.397461
-0.843750
-0.021622
0.607910
8.882812
0.289062
0.044250
-0.164307
1.398438
0.165527
2.123047
-0.350342
-0.552246
-0.353027
0.564453
-0.786133
-0.378662
-0.284180
-0.772949
1.436523
0.074829
0.810547
-0.316406
-0.197266
0.486328
3.716797
-1.045898
-0.723633
-1.047852
-0.425781
-4.000000
-0.308350
0.959961
0.575684
-0.751465
-0.805176
-0.073608
-0.137085
0.053558
0.798828
-0.365723
2.781250
-2.466797
1.381836
-0.718262
-0.458008
1.657227
-0.153198
-0.517578
0.595215
3.214844
-3.968750
-0.084229
7.484375
-0.974609
1.488281
-0.237183
-0.817383
-0.495850
1.164062
0.403564
-1.082031
-2.406250
0.398193
0.556641
1.607422
0.102783
0.611816
8.382812
0.317139
0.814941
0.226440
0.081726
1.016602
0.301514
-0.601562
1.049805
-0.537598
1.124023
-1.083008
-0.415771
-0.057465
2.429688
-1.701172
-0.895508
3.773438
-1.237305
0.861328
-0.017456
2.931641
-0.862305
-0.905762
0.255859
-0.125977
-2.513672
0.458008
0.458984
0.401855
-0.094543
-0.979492
1.943359
0.543457
0.187622
0.419678
-0.393311
3.738281
-4.722656
0.833496
-0.996582
-0.283936
2.091797
-1.124023
-0.296143
0.544434
0.468750
-1.143555
-1.523438
7.960938
-2.503906
3.615234
-0.563965
-2.621094
0.135742
3.697266
-0.385254
-0.981445
-4.074219
0.253662
0.639648
2.798828
-0.313965
-0.375488
10.554688
0.314209
1.472656
-0.939453
1.263672
0.531250
1.293945
-0.766602
-0.134644
-1.420898
1.505859
-1.865234
-1.246094
-0.844727
1.742188
-2.789062
-1.208984
4.660156
-1.525391
4.828125
-0.387207
4.347656
0.610840
-1.204102
1.040039
-1.274414
-3.375000
-0.026337
1.781250
0.920410
0.281006
0.626465
1.256836
-0.942871
-1.041016
-0.441895
0.926758
4.789062
-4.433594
0.906250
-0.716309
0.563965
1.707031
-1.267578
-0.081665
1.049805
-1.833008
1.507812
1.199219
1.351562
-0.372314
1.852539
-0.148315
-1.090820
0.860840
1.105469
-0.504395
1.039062
-0.174316
0.143921
-1.497070
0.534668
-0.104797
-0.927734
7.960938
-0.508789
0.178101
-0.177979
-1.111328
-0.363037
-1.290039
-0.964355
0.001804
0.205444
-0.728027
-0.468262
-0.089233
0.017365
-0.382812
-1.795898
1.089844
2.734375
0.445068
1.334961
0.376953
2.498047
-0.031860
-0.488525
0.625488
0.131592
-3.687500
0.530273
1.759766
-0.081299
0.302246
-0.760742
0.980469
0.254395
-0.452637
0.352783
-0.027359
1.970703
-3.515625
0.085938
0.720215
1.060547
0.287109
0.180054
0.291748
0.344727
-1.899414
1.812500
-0.777344
-1.097656
0.677734
-0.671875
-0.016327
1.768555
-0.658691
-1.205078
-0.519531
-0.330811
1.065430
-0.215942
0.476807
-1.164062
0.345947
-0.793945
2.662109
-0.102783
-0.051605
-0.914551
-0.449707
4.222656
-6.449219
-4.789062
3.166016
0.426025
-0.386475
1.838867
2.101562
-1.572266
1.360352
-0.301025
0.599121
-1.267578
-0.027283
-1.241211
0.074219
-0.679688
-0.670410
0.857422
-0.839355
-0.526855
1.456055
0.352539
-1.686523
0.271240
-0.121216
-0.457764
-2.017578
0.969238
-0.248535
1.042969
0.336426
5.230469
7.101562
3.679688
-0.788574
3.914062
-0.133789
2.791016
1.969727
1.321289
0.649414
-2.582031
-0.174316
2.750000
0.033081
1.050781
-0.998535
-0.497314
-0.335693
0.947266
0.352051
-0.452393
-1.696289
-0.769043
0.583008
-0.127441
-1.349609
-0.404785
4.007812
0.110596
-0.098877
-0.586914
-0.363281
0.562012
-4.691406
-0.724121
0.247925
-0.546875
-0.618652
-0.038513
0.174683
-0.283936
-2.355469
1.646484
-1.351562
0.079102
-0.513184
1.185547
0.491211
2.382812
-0.045441
-0.468750
0.450439
0.031342
-2.689453
0.936523
1.045898
-0.001970
0.171753
0.202148
-0.399658
-0.013321
0.300537
0.254883
0.248657
3.304688
1.927734
0.057800
-0.400146
0.159790
-0.250488
0.469482
0.373535
0.278320
0.834961
-1.228516
0.107300
0.940918
0.220337
0.877441
-0.784180
-0.081055
0.838867
0.544434
0.602539
0.120178
-1.133789
-0.544922
1.615234
0.213379
-1.358398
-0.291748
2.359375
-0.407959
0.026688
0.092773
0.205566
0.373047
-4.296875
-0.648926
0.452637
-0.023026
-0.178101
0.312988
0.021851
-0.245483
-0.288818
-0.233398
-0.014740
0.553711
-0.486084
0.373047
0.191406
1.767578
0.287842
-0.841309
0.391357
0.028061
-0.965820
-0.134521
0.825684
-0.118164
0.766113
-0.281006
-0.347656
-0.046600
-0.030670
0.395264
0.857422
4.136719
3.050781
0.379395
-0.599121
-0.438721
0.674316
-0.210205
-0.019775
0.071777
0.899902
-1.507812
1.097656
1.695312
-0.739258
1.340820
0.151611
-1.414062
-0.203247
1.127930
0.975586
0.301758
-2.238281
-1.012695
0.689453
0.164185
-1.300781
-0.069519
3.248047
-0.326172
0.091980
0.107666
0.296631
-0.735840
-3.873047
-0.190186
-0.413330
-0.302734
-0.432617
-0.664551
-0.057953
-0.560547
1.166016
-1.092773
-0.780273
1.336914
-0.384521
0.735840
0.096558
1.486328
0.444092
-0.503906
-0.007996
0.000164
-1.956055
0.449707
1.636719
-0.522949
0.176270
-0.451904
0.216187
0.586426
-0.271973
-0.001172
0.730957
2.855469
1.437500
0.396240
-0.397217
-0.369385
0.759277
-0.229858
-0.252197
0.374023
0.458252
-1.213867
0.254150
1.001953
0.050293
1.201172
-0.007629
-0.696289
-0.179199
1.550781
0.431396
-0.172852
-2.029297
0.007576
0.971680
0.071838
-0.486572
-0.660645
3.228516
-0.010185
0.213379
0.208984
0.091187
-1.239258
-3.935547
0.184326
-0.434570
0.187866
-0.272217
-0.094482
-0.576172
-0.476807
1.506836
-1.149414
-1.252930
1.526367
-0.106140
1.841797
-0.201782
1.911133
0.605469
-0.460449
0.106934
-0.360352
-1.445312
-0.076050
2.029297
-0.324463
0.726074
-0.542480
-0.320312
0.001970
0.017029
0.189575
0.400635
3.041016
1.837891
0.293213
-0.604980
0.012360
1.303711
-0.085693
-0.124695
0.075439
-1.470703
1.037109
1.199219
0.595215
-0.225464
0.638672
-0.080444
-1.166016
0.015991
0.604492
-0.157104
-0.525391
-0.712891
-0.610352
1.200195
0.062500
-0.852539
-0.348389
3.158203
0.239990
-0.299316
0.062744
-0.274170
0.171387
-4.769531
-0.335938
-0.193359
-0.150513
-0.771973
0.048370
0.103943
-0.031799
0.193115
-1.508789
0.209717
2.085938
0.023926
1.294922
0.101379
1.705078
-0.264648
-0.402588
0.126831
-0.105896
-2.037109
0.617676
1.254883
-0.212402
0.155151
-0.022705
-0.939941
0.427002
0.031174
0.241333
0.426025
3.441406
3.052734
0.191895
0.111694
0.701172
0.304443
0.425293
0.314697
0.211304
0.368652
0.228638
-0.959473
-0.508301
0.296387
-0.646973
0.387207
0.950684
0.633301
-0.324463
0.099670
-0.314697
1.053711
-0.195801
0.603027
0.357910
-1.041016
-0.505859
-0.112793
1.464844
1.132812
0.214355
-3.164062
-1.184570
-4.070312
4.339844
-3.281250
-2.695312
-1.249023
2.845703
-1.152344
0.495361
0.561523
-0.478271
0.872559
-0.074158
0.599121
-0.714355
0.018280
-1.077148
-0.785645
0.069275
0.717285
0.270020
0.706543
-0.264160
0.282959
0.400635
-0.818359
-0.057404
0.209106
-0.888184
-0.318604
-0.920410
2.921875
-1.013672
0.282715
-5.257812
4.917969
6.179688
7.527344
1.510742
-0.985840
-1.944336
-0.024841
0.036011
-0.149414
0.296143
-0.194336
0.418213
-0.069214
-0.156616
0.194580
0.714844
-0.038269
0.054657
-0.686035
-0.149902
-1.363281
0.870605
-0.697266
0.410889
1.959961
-0.776367
-0.154419
0.379150
-0.075928
-1.258789
-2.423828
0.369629
0.224854
1.037109
-1.509766
0.275635
-0.423340
0.150146
-0.279541
0.344238
-0.274170
0.273438
0.228516
-0.121704
-0.030441
0.051025
-0.475830
-0.435791
0.592773
0.352539
-0.969238
-0.095093
1.413086
0.087463
-0.163086
-0.705078
0.436279
-0.420654
-0.423340
0.320312
-0.004570
0.981445
0.511719
-0.645996
0.598145
1.428711
1.831055
1.011719
-0.161621
-0.142700
0.538086
-0.586426
-0.148193
0.186157
-0.110229
0.562012
0.016052
-0.447266
-0.083252
0.429443
0.077759
0.025757
-0.503906
-0.071533
-0.260986
0.352295
-1.022461
-0.536621
1.433594
-0.970703
-0.217651
0.044739
0.852539
-1.469727
-2.072266
0.106812
0.216675
0.598633
-0.328857
0.361328
0.179321
0.401611
-0.174072
0.108765
0.052948
0.102112
0.152710
0.335938
0.645996
0.314697
-0.694336
-0.416260
0.342285
0.334961
-1.041992
-0.552734
1.223633
0.358887
0.770020
-0.884766
0.177246
0.346191
0.055298
0.107788
0.084534
0.813477
0.873535
0.432861
0.969727
0.493896
3.212891
0.861328
0.406494
0.366699
0.435791
-0.741699
0.221191
0.602051
0.040161
0.851074
-0.360352
-0.376953
-0.236572
0.505859
0.399902
0.173340
-1.340820
0.000942
-0.748535
0.698242
-1.013672
0.202515
2.404297
0.220459
0.298096
0.660645
0.707520
-1.199219
-2.115234
0.410156
-0.272461
0.023285
0.309326
0.231201
-0.317139
-0.105774
0.209961
-0.027344
-0.178589
0.397705
0.251709
0.455566
0.612793
1.042969
-0.173096
-0.763184
-0.019104
0.179321
-0.870117
-0.451416
1.330078
0.089111
-0.197754
-0.516113
0.399658
0.429932
0.215942
0.396484
0.171875
1.746094
1.005859
0.309814
-0.837402
-0.995117
3.187500
0.048126
-0.160889
0.397217
0.123230
-0.367188
0.477783
0.639648
-0.199463
0.870605
-0.552734
-1.297852
0.389404
1.001953
-0.233398
-0.837402
-1.257812
0.321777
-0.687500
0.730957
-0.696777
0.499512
2.376953
-0.394775
0.127808
0.330322
1.376953
-0.941895
-2.009766
0.972168
-0.515137
0.419189
0.679688
0.648926
-0.081726
-0.011269
0.151245
-0.639160
0.393311
0.655762
0.467773
0.708496
0.211182
0.900391
0.059448
-0.359375
0.247803
0.826172
-1.500977
0.321045
1.154297
0.452148
-0.053680
-0.329590
0.602051
0.101929
-0.069275
0.588867
0.924805
1.264648
0.299316
-0.077637
0.051544
-1.197266
2.761719
0.861328
0.187500
0.550293
-0.011742
0.037048
0.340332
0.024277
-0.615234
0.187500
-0.370361
-0.038391
-0.240845
1.039062
0.453125
0.571777
-0.111938
-0.212280
-1.257812
1.365234
-0.886719
0.672363
1.458984
-0.575684
0.066162
1.549805
0.051422
-1.539062
-2.570312
1.033203
0.894043
1.622070
-1.290039
-0.247437
0.477783
0.242554
0.089600
-0.010452
-0.159424
0.250732
0.441895
-0.495117
-0.128784
-0.023376
-1.373047
-0.544434
0.882812
0.312256
-0.811035
-0.851562
1.598633
0.111511
0.148438
-0.744141
0.450195
-0.054352
-0.294434
-0.204590
0.501953
0.354492
0.371582
-0.340088
1.423828
1.822266
2.496094
1.452148
0.298096
0.312256
