shape: [b:1, f:6, x:64, y:14, z:1, w:1, u:1, v:1, g:1] (count: 5376, original format: bfyx) raw data
-1.467773
3.691406
4.597656
-5.539062
-7.027344
6.371094
-0.408447
-2.361328
-5.308594
5.351562
-2.419922
0.511230
0.140015
0.776367
0.153320
-0.353027
-0.521484
-1.238281
0.840332
-1.584961
0.016052
-1.368164
0.598145
-0.702148
0.119385
5.675781
1.279297
-0.727051
0.389404
0.676270
-0.775879
-0.978516
2.197266
-1.652344
-0.609375
-2.724609
-1.412109
-0.585449
5.769531
1.105469
-2.951172
-0.866699
3.302734
3.109375
-2.777344
-0.432861
1.497070
-1.479492
-2.603516
0.752930
-1.208984
1.409180
0.892090
0.544922
0.716309
0.923828
0.231567
-0.508301
-0.187012
1.395508
-1.440430
1.166992
4.492188
-0.801758
0.065125
-0.582520
-0.274414
0.651367
0.435547
0.190186
-0.369873
-0.335449
0.733887
-0.988770
-0.768555
0.834473
-1.230469
-0.428467
3.324219
0.142700
3.509766
-0.515625
1.137695
-1.903320
0.834961
-1.708008
0.877930
0.555664
0.620605
4.750000
1.439453
0.680176
1.540039
0.029022
1.436523
-1.583984
-0.814453
1.056641
0.751465
-1.311523
-0.867676
0.721680
-0.583496
-0.670410
0.752930
0.176025
-0.073120
0.314209
-1.526367
0.872070
-1.979492
-0.387451
5.453125
1.586914
-2.324219
3.996094
0.279053
1.080078
1.392578
2.525391
0.691406
-3.003906
-0.352051
1.903320
-2.015625
0.647949
7.234375
1.160156
-4.195312
5.632812
7.503906
-5.417969
-6.214844
1.494141
-3.619141
-0.644043
-1.676758
0.961914
-0.512695
-1.747070
0.953613
0.385986
-1.183594
0.820801
0.626465
-0.132935
0.668945
-0.708496
-0.261475
0.119385
0.161133
0.256836
-0.210327
4.449219
-0.294678
0.536133
0.465332
-0.207520
0.017853
0.148804
-0.907227
0.316162
0.187988
-0.972168
0.490967
-0.057953
5.746094
0.753906
-3.312500
2.339844
-0.137939
0.887207
0.270508
0.199463
2.619141
0.523926
-3.425781
-0.595215
-0.046356
0.215698
-0.464844
0.070557
0.301025
0.137939
0.067444
0.411377
0.496826
-0.481934
-0.243164
-0.462646
0.804199
0.217407
1.558594
-1.615234
-1.778320
0.851074
0.747070
-1.142578
0.131226
0.960449
0.184814
-0.367188
-0.386230
0.188599
-1.105469
1.751953
0.651367
2.158203
0.881836
-0.069336
0.216919
-0.390625
1.075195
0.708496
-0.090637
0.810059
0.021683
-1.230469
-0.634766
5.039062
-1.099609
1.993164
3.357422
1.642578
-1.997070
2.085938
0.539551
-0.239258
-0.209961
0.535645
-0.242432
0.259277
-0.311035
0.227661
-0.730469
0.692871
-0.824707
1.246094
-0.233887
1.640625
1.145508
-0.760254
-0.311523
0.947266
-0.318848
-0.002808
0.377441
1.625977
0.779785
0.903320
-0.103516
-4.875000
-0.276855
3.742188
-0.048004
-3.212891
2.070312
-0.929688
-1.744141
0.660156
0.565918
-0.159424
-0.247559
-0.694336
0.633789
-0.781738
-2.066406
-1.016602
1.572266
-2.017578
1.021484
-1.130859
-0.331299
-0.069702
0.698730
-0.470459
0.007683
-0.330566
-0.304199
0.441162
1.093750
1.244141
0.186646
2.375000
3.394531
-1.341797
2.478516
1.770508
-1.246094
1.601562
0.116943
-0.533203
0.361816
0.986328
-0.324951
-1.221680
0.301514
0.855469
-1.279297
-0.769531
-0.574219
0.895996
0.938965
0.993164
2.455078
0.534668
0.167236
1.178711
0.137939
0.711426
-0.533691
0.789062
-0.497070
-0.132935
-1.280273
-2.203125
-0.526367
-2.736328
-2.300781
-4.230469
-19.796875
2.531250
3.703125
-2.162109
-1.700195
1.721680
-3.777344
2.992188
0.328857
-0.884277
1.263672
-1.584961
0.561035
0.491455
-2.222656
0.007809
1.116211
0.292236
0.354736
-0.657227
-0.270264
-0.370117
0.328857
0.288086
-0.063354
5.988281
0.030609
-0.529785
0.129639
-1.038086
-0.832520
-0.475342
-0.017838
-0.633789
3.177734
-0.740723
-1.538086
2.027344
-0.444580
1.350586
-0.403320
0.926758
1.504883
-1.340820
0.946289
-0.129883
1.006836
0.603516
-0.936035
0.193359
-0.522949
0.487793
-0.027481
-0.838379
-0.262207
-0.527344
0.312988
0.512695
-0.368164
2.279297
-0.468018
-0.602539
1.040039
0.218628
-1.582031
2.281250
3.312500
-2.441406
-3.027344
2.281250
0.042999
-0.966797
-1.764648
2.943359
0.243286
-0.889160
0.236694
1.548828
-0.705566
-0.128296
-0.640137
0.661621
-0.242188
0.282471
-0.090149
0.123230
0.543945
0.027832
-0.464844
3.945312
-0.093384
0.319580
0.779785
-1.323242
-1.603516
-0.527832
2.050781
-2.130859
-1.884766
0.113831
0.628418
-0.518066
2.603516
-0.762695
-0.779785
2.539062
1.792969
1.469727
-0.587402
-1.092773
0.569336
-0.274414
-3.308594
0.179688
-0.102051
-0.802246
0.125854
0.185669
0.072876
-0.554688
-0.521484
-0.131104
0.926270
-1.281250
0.459961
-0.256348
0.405273
0.394043
-5.714844
6.015625
-1.289062
1.125000
1.599609
1.315430
0.219238
1.431641
1.003906
0.979004
0.233276
-0.047546
0.128418
-0.339844
-1.965820
-0.014236
-0.037109
-1.579102
4.246094
0.006226
-0.416992
0.276367
-0.666504
-0.773926
-5.992188
-0.751465
-0.434814
0.965820
-1.011719
-0.249756
-0.479980
0.068054
-1.574219
2.953125
-2.220703
-2.808594
0.165527
-4.277344
-0.989746
2.060547
0.065857
-0.323730
0.327881
-0.429199
-2.599609
0.277832
-0.339844
0.723145
-0.273682
-0.111633
-1.374023
-1.291992
-0.587402
-0.067627
-0.495850
-0.606445
0.159790
0.200562
1.036133
-0.737305
-1.784180
0.886230
-0.425049
0.008247
1.922852
-1.802734
1.577148
0.204468
-0.173218
0.169678
0.125488
-0.367432
0.759766
-0.864746
-0.895020
0.895508
0.368164
0.833984
-1.959961
1.778320
0.419189
1.120117
-0.102966
-0.344971
-0.249268
2.287109
1.714844
-0.180420
1.593750
3.472656
-1.959961
1.602539
0.051910
-3.765625
-0.026672
2.076172
-0.768555
-0.364014
0.541992
0.342773
0.143188
1.571289
-0.626953
-0.918457
-0.324219
-0.858398
-0.708008
-0.598145
3.607422
-0.932129
2.494141
-0.115906
-0.315674
1.092773
-0.265625
0.142212
-0.625977
-1.682617
-1.743164
3.650391
2.857422
-0.844238
-1.482422
-5.675781
1.056641
-3.197266
-0.396729
-1.039062
-1.183594
2.820312
-0.950195
-1.216797
0.957031
-1.994141
0.018799
1.041016
0.353271
0.402832
0.702148
0.014893
-3.333984
0.773438
-5.902344
0.214355
1.087891
-1.234375
7.269531
0.349121
0.944336
-0.703613
-2.947266
-0.081177
-2.082031
-1.717773
0.012009
0.921875
-1.707031
0.738770
0.827148
-1.323242
0.959961
-0.655273
-0.259521
-1.601562
0.299805
-2.689453
-0.598633
-0.851562
0.128174
-0.285156
1.119141
0.966797
-2.507812
-0.684570
0.821289
1.486328
-1.391602
0.524902
-0.164185
-0.260498
-0.180908
0.466553
-0.326172
1.608398
-1.685547
0.778809
0.698730
2.980469
-1.164062
0.281250
0.329590
0.782715
-12.765625
5.242188
-0.973633
2.238281
1.220703
1.948242
-0.598145
1.144531
0.496338
1.431641
-0.230103
0.140625
-0.214111
0.323242
-1.176758
-1.794922
-1.106445
-1.363281
7.550781
0.412842
-1.995117
0.707031
-0.734375
0.651855
-15.453125
1.987305
-0.787598
0.722656
0.804199
-0.720215
0.398682
-0.634277
-2.388672
3.609375
-3.771484
-2.714844
0.589355
-2.726562
-0.051392
1.497070
-0.048523
-0.183716
0.076111
1.221680
-3.507812
0.973145
-1.019531
-1.890625
-0.750000
0.559570
-0.415283
0.466064
-0.472168
0.929688
0.371094
1.679688
-0.977539
-0.380127
0.138672
1.298828
-0.740234
0.473633
0.534180
-0.375488
-2.919922
0.591309
-0.124084
0.653320
1.539062
0.683594
-0.661621
0.707031
0.074280
-0.300537
-0.414551
0.578613
2.222656
1.308594
-2.355469
-0.859375
0.778809
-0.850098
5.308594
0.172485
-0.876465
0.386475
-1.059570
1.867188
1.446289
0.336670
-0.323975
0.817383
-0.708008
-0.407715
0.043396
0.295410
-1.100586
1.704102
-0.788086
-2.607422
-0.223755
-1.667969
-0.548828
1.206055
-0.492188
0.048096
-0.694824
0.520020
-4.687500
0.296631
-1.620117
-0.553223
-0.891602
0.017761
-0.032959
-0.891113
-0.205078
0.161133
-0.259033
-0.753418
-0.259277
-0.389648
1.462891
-0.740234
0.690918
0.017273
0.154663
-0.478027
-1.899414
1.812500
-0.777344
-1.097656
0.677734
-0.671875
-0.016327
1.768555
-0.658691
-1.205078
-0.519531
-0.330811
1.065430
-0.215942
0.476807
-1.164062
0.345947
-0.793945
2.662109
-0.102783
-0.051605
-0.914551
-0.449707
4.222656
-6.449219
-4.789062
3.166016
0.426025
-0.386475
1.838867
2.101562
-1.572266
1.360352
-0.301025
0.599121
-1.267578
-0.027283
-1.241211
0.074219
-0.679688
-0.670410
0.857422
-0.839355
-0.526855
1.456055
0.352539
-1.686523
0.271240
-0.121216
-0.457764
-2.017578
0.969238
-0.248535
1.042969
0.336426
5.230469
7.101562
3.679688
-0.788574
3.914062
-0.133789
2.791016
1.969727
1.321289
0.368652
0.228638
-0.959473
-0.508301
0.296387
-0.646973
0.387207
0.950684
0.633301
-0.324463
0.099670
-0.314697
1.053711
-0.195801
0.603027
0.357910
-1.041016
-0.505859
-0.112793
1.464844
1.132812
0.214355
-3.164062
-1.184570
-4.070312
4.339844
-3.281250
-2.695312
-1.249023
2.845703
-1.152344
0.495361
0.561523
-0.478271
0.872559
-0.074158
0.599121
-0.714355
0.018280
-1.077148
-0.785645
0.069275
0.717285
0.270020
0.706543
-0.264160
0.282959
0.400635
-0.818359
-0.057404
0.209106
-0.888184
-0.318604
-0.920410
2.921875
-1.013672
0.282715
-5.257812
4.917969
6.179688
7.527344
1.510742
-0.985840
-1.944336
-2.255859
1.034180
0.698242
0.402100
-0.365479
0.987793
-3.558594
1.884766
-0.457275
0.152100
-1.469727
-3.179688
3.279297
-1.859375
1.513672
-1.310547
-2.892578
-1.062500
0.062561
-2.900391
0.056702
1.334961
2.675781
0.847656
-1.205078
18.093750
4.933594
1.697266
4.929688
10.757812
1.661133
8.203125
-3.101562
1.738281
3.203125
-1.321289
-2.171875
2.400391
0.298584
-2.007812
-1.878906
3.775391
-1.666992
1.480469
-0.181030
-1.262695
3.892578
-1.545898
-5.746094
0.891113
-0.750977
0.854492
1.540039
2.140625
1.806641
2.828125
-1.293945
-11.578125
0.090698
-4.062500
-4.300781
1.186523
64.437500
-71.375000
-1.696289
-0.795898
2.431641
2.800781
-0.952637
2.824219
-0.232422
0.075867
0.084412
1.677734
-0.479736
-0.257080
-5.324219
-2.025391
0.522461
0.993652
-0.345215
-1.691406
9.468750
-1.153320
-1.432617
-2.625000
-3.000000
12.500000
-26.656250
-1.737305
-3.580078
-13.554688
21.812500
-54.093750
-106.062500
-65.000000
-1.262695
2.898438
-0.772461
-0.470947
3.009766
-0.565918
0.262451
2.660156
-0.492432
-4.445312
0.756836
-0.215942
-0.102966
-1.582031
1.746094
-2.658203
2.326172
3.519531
-8.343750
-1.817383
2.296875
2.683594
1.265625
26.218750
-10.859375
2.267578
-2.873047
5.253906
43.906250
-31.328125
-123.250000
176.125000
0.202515
-0.365234
0.276123
0.005283
-0.167725
0.116394
-0.464600
0.165405
-0.012352
0.311768
0.553711
-0.567871
-0.181396
0.369629
-0.287109
-0.045959
-0.108704
-0.176758
0.456055
-0.167236
0.059753
-0.036194
0.049591
-0.005009
0.254395
-0.104797
-0.099487
0.333984
-0.105164
0.405762
0.047180
0.077148
0.422607
-0.036652
-0.316162
0.404053
-0.122437
0.466064
0.130493
-0.140503
0.272217
-0.030075
-0.106445
0.216309
-0.206787
-0.334717
-0.240845
-0.471924
-0.274170
0.005398
0.536621
-0.034515
-0.359619
1.217773
-0.139282
-0.088440
1.193359
0.464844
0.431152
0.470947
0.065247
0.085632
0.114868
0.137451
-0.190430
-0.036011
0.219238
0.504883
0.491699
0.169922
0.243774
-0.057251
-0.008461
-0.193848
-0.315186
0.566895
0.376953
-0.172729
-0.052643
0.395020
-0.078064
0.393555
-0.089111
-0.357666
0.225586
0.218506
-0.120972
-0.015320
0.069214
-0.244507
-0.066223
-0.357910
-0.280029
0.050842
-0.326904
-0.417725
0.432129
0.172974
0.018478
0.390869
-0.384766
0.028564
-0.349121
-0.333984
-0.124817
0.186279
-0.312256
-0.288574
0.341553
-0.304688
0.269531
0.923340
0.055756
0.219604
0.138794
-0.200684
0.019562
-0.016205
-0.538086
0.037903
0.209595
0.190186
0.682129
0.306152
-0.531738
0.168335
0.135254
0.015991
-0.298340
1.728516
2.214844
-3.001953
-3.681641
5.710938
-1.169922
-4.460938
-2.458984
3.738281
-2.160156
-2.587891
1.666992
-0.016159
-0.848633
-1.188477
-1.729492
0.541504
-0.084290
0.197144
-0.211426
0.062744
1.023438
0.649414
-0.036224
5.890625
0.087341
-0.171509
0.858887
0.914062
0.340088
1.145508
0.603516
-0.373779
0.061890
-1.730469
-1.977539
1.542969
4.656250
-1.278320
-2.960938
0.762207
0.540527
2.382812
-0.346680
0.191406
0.728027
0.254639
-2.468750
-0.210083
-1.403320
-0.303467
-0.895508
0.480225
1.089844
0.123352
0.780762
-0.847656
-0.123352
-0.169678
-0.621094
-0.577148
2.697266
-0.771484
-0.016342
0.090210
0.278809
-0.702637
-0.541504
0.774902
0.084412
-0.573242
-0.760254
0.431885
-0.998535
-0.084106
-0.083313
-0.164917
2.570312
0.315186
-0.381836
0.762207
-1.662109
-0.449219
-0.809570
-0.188965
1.667969
1.673828
0.166382
8.382812
-0.016586
0.918457
0.639160
1.312500
1.100586
1.590820
0.130371
-0.378174
-0.239868
0.363525
0.311035
-0.176392
0.793945
-0.346924
-1.501953
0.371582
-0.524414
1.434570
-1.850586
0.145020
-0.376221
1.029297
2.287109
-0.209961
-1.041992
-1.318359
-1.370117
0.229736
2.617188
0.339600
2.144531
-4.222656
0.828125
0.451172
-1.574219
-0.984375
5.277344
-0.833496
-2.267578
4.367188
7.246094
-3.615234
-5.082031
0.031021
-7.777344
0.983398
-0.645020
-0.684082
-0.454102
-1.724609
1.406250
-0.670898
-1.567383
-0.079651
-1.894531
0.361084
-0.285156
0.100586
-0.325195
0.273682
0.114502
0.024780
-0.048767
3.173828
0.011017
0.046661
0.575684
0.034424
-0.902344
1.150391
-1.817383
3.384766
2.630859
-1.967773
-1.024414
1.076172
3.419922
-0.099365
-2.724609
0.481689
-0.728516
-0.148438
0.995605
-0.582520
1.381836
-0.439697
-1.776367
-0.371582
0.256592
0.081909
0.187622
0.497803
0.637695
-0.006882
-0.220093
0.580078
-0.414307
-0.427002
-0.010986
-0.301758
0.832520
-0.362793
-0.070312
0.144775
0.182373
-0.291992
-0.118469
0.203613
-0.043182
0.205811
0.207031
0.116333
0.074280
0.154785
1.055664
0.516113
0.754395
0.343994
-0.826172
0.102966
-0.240967
-0.054230
0.509277
0.435547
-0.314941
-0.034393
0.302002
1.429688
-0.001922
1.748047
-0.938965
1.837891
1.379883
0.811523
0.069031
-0.005268
-0.079102
-0.118408
-0.020920
0.284180
0.015388
-0.585938
-0.168579
0.912598
-0.343994
0.471924
0.086914
-0.404541
1.178711
0.438965
-0.239136
0.709961
0.050232
-0.625488
0.063965
0.909180
0.590332
0.519531
-0.193970
0.151123
0.138916
-2.787109
-0.522461
1.490234
1.692383
-1.285156
-0.243408
0.311523
0.322754
0.255615
-0.343994
-0.422852
-0.520508
0.587402
0.342041
-0.033691
0.586914
0.102234
2.148438
-1.976562
0.619629
-0.739258
-1.096680
-0.541992
-0.083008
0.493164
-0.070129
0.430176
-0.214844
0.137207
0.512207
2.966797
0.135864
0.575684
1.762695
0.154175
0.586426
0.904297
-0.123718
0.427246
0.420898
-0.174561
-0.675781
0.594727
-0.285645
-0.631836
1.002930
1.969727
0.636230
-0.301270
0.902344
-0.240112
1.841797
0.460693
-0.780273
0.946289
0.406494
-0.747559
-0.002306
0.812988
0.651367
0.345703
-0.780273
0.570312
-0.139771
-1.479492
-0.668457
-0.862793
0.644043
-2.011719
-17.562500
2.673828
2.796875
-0.721191
0.275635
0.226929
-4.035156
2.960938
0.371582
-0.808105
0.968750
-2.445312
2.101562
0.004517
-0.486084
-0.454834
-1.416016
-0.303955
-0.623535
-0.063782
-0.575684
0.415283
0.032440
0.256592
-0.036316
6.621094
0.326172
-0.695801
0.815918
0.763184
-1.193359
1.358398
-2.716797
0.860352
5.445312
-3.220703
-2.527344
3.519531
-1.480469
0.516113
-2.074219
1.473633
-0.932617
-0.279053
0.665039
0.187866
1.975586
0.227783
-2.320312
-0.167236
0.372314
-0.689453
0.055756
0.443848
1.066406
0.201782
-0.179565
0.721680
-0.339844
0.215698
-0.209351
-0.402832
3.236328
-1.630859
0.098389
0.035034
0.304443
-0.014038
-0.720215
0.006134
-1.000977
1.099609
0.688965
-0.664062
-1.115234
-1.102539
1.212891
-0.171265
0.344727
-0.957031
-1.273438
-0.001633
-0.498779
0.216797
-0.304932
-0.141479
-0.137207
-0.479004
0.085876
3.080078
-0.174194
0.401855
1.306641
-0.384277
-0.126343
0.379150
-0.037537
-0.002724
0.076965
-0.549805
-0.610840
0.937988
0.439941
-0.777344
-0.573242
2.439453
-0.447754
0.628906
-0.141479
-0.212891
1.104492
1.051758
-1.114258
0.359863
0.692383
-0.962891
-0.276855
0.267090
0.820312
0.315674
-0.386475
0.364014
0.210083
-1.544922
0.175903
-0.576660
1.180664
-1.050781
-3.431641
3.261719
-0.782715
1.858398
-0.441650
0.871582
-1.375000
-0.782227
1.005859
0.646484
0.105164
0.315186
-0.171753
-0.791504
-0.553711
-0.043365
-0.960449
-0.820312
5.859375
-0.182373
0.836426
-0.052032
-0.393799
-2.242188
-5.203125
0.070435
-0.056885
-0.475342
-0.650879
-0.626953
-0.116455
-0.105713
-1.985352
4.320312
-2.011719
-1.875000
1.484375
-0.824707
0.384277
1.277344
0.235107
-0.917969
0.507324
-0.186768
-2.705078
-0.260498
1.343750
-0.191406
0.039520
-0.502441
0.121826
-0.398926
0.414795
-0.028793
-0.723633
1.941406
-0.693359
0.500488
0.355957
-0.850586
-0.420166
0.331543
-0.232666
0.222900
0.133667
-0.419678
0.479492
0.387451
-0.538086
0.582520
-0.294434
-1.119141
0.958496
2.119141
0.499756
0.056091
-1.961914
-0.786621
-1.364258
1.205078
-0.517578
0.397217
2.439453
0.620117
0.211914
0.681152
0.444824
-0.974609
-0.606445
0.542480
-0.204224
-0.254883
-0.399902
0.032288
0.153931
-0.218018
-0.312744
0.111145
0.168457
0.457520
0.390625
0.365723
0.318848
0.615723
0.103699
-1.135742
0.499023
-0.472168
-0.696777
-0.027222
2.476562
0.287598
0.325195
0.085022
0.653809
-0.371582
-0.184937
-1.001953
-0.197388
3.601562
0.619629
-0.268311
-0.461182
-0.338135
1.184570
-0.602539
-0.314453
0.031982
-0.586914
0.690430
-0.069824
1.071289
-0.327881
0.888184
-0.120056
-1.098633
0.877441
2.707031
-0.112366
0.231323
-3.027344
-1.085938
-2.496094
0.398438
-1.086914
-0.158447
5.085938
-0.452637
0.450928
-0.007370
-0.586426
-1.325195
-0.972656
0.490967
0.031128
-0.478271
-0.449707
-0.240479
0.023560
0.234253
0.049683
0.697266
-0.926270
-0.871582
1.109375
-0.175537
0.640625
0.263672
0.202271
-0.921387
1.605469
-0.098938
-3.605469
-0.699707
1.714844
0.913574
-0.134399
-0.405029
0.300049
0.040985
0.244751
0.264404
0.596680
2.130859
-0.197021
0.507324
0.198486
-0.499023
0.671387
-0.062408
-0.038971
0.106689
-12.296875
0.492188
1.397461
2.939453
-1.014648
2.750000
0.052582
-1.444336
1.510742
0.123657
-1.175781
0.545898
-0.773438
0.446289
-0.220703
-0.722656
-0.228638
-1.675781
7.335938
0.103088
-0.560059
-0.373047
-0.471680
-1.072266
-12.835938
0.778809
-0.274170
-1.210938
-0.267334
-2.488281
-0.286865
-0.355713
-6.472656
3.667969
-3.787109
-2.253906
0.953613
0.812012
-0.107605
2.742188
-0.951660
-1.875977
0.880859
-0.463867
-3.630859
0.151123
1.055664
-1.306641
-0.349854
-1.155273
0.102295
0.772949
-0.456299
1.086914
-0.701660
3.121094
-3.361328
-0.688965
0.340576
0.759766
0.416992
-0.770508
-0.250244
0.901855
-1.181641
-0.756836
0.117493
4.992188
-0.900391
2.046875
-0.876465
-1.203125
0.574707
0.913574
-0.208130
0.545898
-1.077148
0.239380
-1.860352
-0.985840
-0.927246
-1.204102
8.960938
0.387695
-0.217163
-0.352783
-0.861328
-0.497314
-1.110352
-0.497803
0.321777
-1.170898
-0.352783
-1.002930
0.154419
-0.208008
-2.736328
3.644531
-1.465820
-0.919922
0.065063
0.525391
-0.097900
3.375000
-0.379883
-0.810547
-0.140259
0.319336
-4.328125
-0.398193
0.172363
-0.025986
0.316650
-0.310547
0.971680
-0.036652
-0.117371
0.936035
-0.042145
1.726562
-3.902344
0.472656
0.028503
-0.697266
-0.094849
0.263184
-0.271240
0.242554
-1.629883
-1.060547
-0.711914
2.669922
-0.058167
1.180664
-0.958984
-0.380859
-0.337158
0.937012
0.357910
-0.452148
-1.710938
-0.765625
0.585449
-0.127441
-1.349609
-0.404541
4.007812
0.110596
-0.098816
-0.586914
-0.363281
0.562012
-4.691406
-0.724121
0.247925
-0.546875
-0.618652
-0.038513
0.174683
-0.283936
-1.819336
2.873047
-1.162109
-0.667969
-0.510742
1.056641
0.564453
2.402344
-0.034821
-0.488037
0.445557
0.035248
-2.679688
0.939453
1.044922
-0.001774
0.173096
0.202393
-0.401367
-0.013351
0.300537
0.254883
0.248657
3.304688
1.927734
0.057800
-0.400146
0.159790
-0.250488
0.469482
0.373535
0.278320
-0.248657
0.236816
-0.248413
0.359131
-0.150757
0.401367
-0.071289
-0.153931
0.179443
0.705566
-0.030365
0.057709
-0.691406
-0.150269
-1.360352
0.870605
-0.697266
0.410400
1.959961
-0.776367
-0.154541
0.379150
-0.075928
-1.258789
-2.423828
0.369629
0.224854
1.037109
-1.509766
0.275635
-0.423340
0.150146
-0.130249
0.252441
-0.188965
0.183105
0.259277
-0.169067
-0.025177
0.058594
-0.481689
-0.450195
0.593262
0.352051
-0.965332
-0.094543
1.416016
0.086121
-0.162354
-0.705566
0.435547
-0.420410
-0.423340
0.320312
-0.004562
0.981445
0.511719
-0.645996
0.598145
1.428711
1.831055
1.011719
-0.161621
-0.142700
-0.951172
-0.103271
0.102783
0.418945
-0.369629
0.848633
-3.238281
1.109375
0.405518
-1.514648
-1.955078
-2.564453
2.906250
-2.207031
2.207031
-2.001953
-3.455078
0.581543
-0.873535
-1.041016
-0.085144
3.119141
3.060547
1.855469
-2.197266
20.765625
2.435547
0.769531
4.628906
10.109375
2.576172
8.992188
-3.330078
2.074219
2.343750
-2.199219
-1.930664
2.832031
-0.454834
-2.722656
-2.037109
4.097656
-1.852539
1.812500
-0.480225
-0.423584
2.083984
0.947754
-2.648438
0.026443
-0.227051
-1.682617
-0.399170
0.836426
1.920898
1.247070
-0.405518
-13.585938
0.199219
-4.175781
-2.644531
-1.625977
62.625000
-72.375000
-0.241821
-0.469238
0.714355
1.324219
-0.803223
1.354492
-0.181519
-0.340088
0.432129
1.159180
-0.106445
0.091370
-4.574219
-1.457031
2.277344
0.670898
-0.204834
-1.224609
9.851562
0.744629
0.151245
0.840332
0.134644
10.164062
-28.281250
-3.767578
-3.359375
-13.117188
20.734375
-54.312500
-104.937500
-68.250000
-0.445312
0.761230
0.301758
-0.097595
0.788574
0.003874
0.044830
1.583008
1.231445
-2.671875
-0.122803
0.149292
0.593262
-0.148315
2.554688
-1.854492
1.722656
0.988770
-5.871094
-1.599609
0.015282
-0.938477
-1.582031
27.937500
-11.617188
1.865234
-2.763672
5.285156
46.000000
-32.843750
-126.750000
173.625000
-0.138428
-0.240356
-0.020233
-0.114380
0.298340
0.162109
-0.322021
-0.241455
0.180054
0.433350
0.076233
-0.198364
-0.133423
-0.205566
0.092224
-0.100403
-0.028671
0.065369
-0.153931
0.175903
0.081848
-0.066589
-0.066101
0.102173
-0.410645
-0.065552
-0.035004
0.023056
0.088562
0.505859
0.799805
-0.207520
-0.087280
0.061920
0.020020
0.001655
-0.009209
0.104675
-0.001779
-0.095337
0.006836
0.089111
0.259277
0.017380
-0.021194
0.296143
-0.230957
0.074951
0.258057
-0.219604
0.460693
-0.005264
0.195435
0.968750
0.132080
0.088806
-0.063171
-0.061584
0.476318
-0.776367
-0.115051
0.124756
-0.331787
0.009460
0.160522
-0.032349
-0.200439
-0.200317
0.066650
0.001876
-0.048157
0.001937
0.212769
0.113525
-0.046234
-0.001487
0.287109
0.100464
-0.189941
0.051300
0.163452
0.234009
0.082764
-0.096741
-0.118774
-0.217163
0.130615
0.198853
0.036682
-0.010086
0.188965
0.102051
0.103577
-0.129761
0.150024
-0.197632
0.005688
0.095947
0.022369
-0.165894
-0.146851
-0.126953
-0.217896
-0.181274
0.221924
0.060028
-0.249512
0.088379
-0.017715
-0.581543
-0.084717
-0.092957
0.037598
-0.363037
-0.041229
0.154297
0.034119
-0.045837
0.144287
0.073914
-0.160400
0.100891
0.128540
0.148315
0.174438
0.070068
-0.204590
-0.000562
-0.134766
1.195312
1.480469
-1.993164
-3.337891
4.929688
-1.552734
-5.425781
-1.495117
2.996094
-1.777344
-2.439453
3.109375
-0.348633
1.899414
-1.097656
-0.663086
-0.433594
-0.479492
2.210938
0.625488
-0.973633
-0.158325
-2.119141
-0.276123
6.984375
1.017578
-0.125854
-0.009415
0.182007
-1.791992
0.432129
0.354004
-0.291504
-0.203125
-1.931641
-2.130859
2.201172
4.210938
-0.531250
-3.552734
0.195923
-1.438477
0.513672
-2.394531
0.121338
-0.972168
1.649414
-1.014648
0.657715
1.281250
1.110352
-1.703125
0.928711
0.088074
0.502441
1.570312
-0.875977
0.607422
-2.281250
2.576172
1.112305
3.763672
-0.131958
-0.007416
0.236450
0.194458
-0.819824
-0.668945
0.477539
0.383789
-0.747070
-1.399414
0.659668
-1.584961
-0.889648
-0.162842
-0.608398
3.101562
0.288086
0.010513
0.144531
0.461914
5.031250
-0.357422
-1.486328
-0.247925
-3.222656
0.070496
6.839844
1.521484
0.047882
-0.775879
-0.271729
-1.756836
-0.083618
0.321533
-0.508301
-0.360596
0.608887
0.499023
-0.559570
0.931152
0.117432
-1.583008
-0.269043
-0.729980
1.712891
-2.273438
0.575195
-1.000977
1.481445
3.351562
0.896973
1.697266
-0.067627
-2.705078
1.598633
0.218384
0.537598
2.400391
-1.595703
1.041016
-3.531250
4.121094
1.821289
3.990234
-0.612305
-0.857422
2.591797
6.121094
-1.875000
-3.667969
2.234375
-7.164062
1.270508
1.029297
-1.356445
0.083008
-0.901367
1.280273
-0.635742
-0.770020
-0.694336
-1.320312
-0.029282
-0.634277
0.297363
-0.085510
-0.037262
-0.069336
0.026535
0.025497
3.345703
0.082397
0.305176
0.547363
0.627441
-1.018555
0.962402
-1.434570
3.621094
2.316406
0.840820
-3.017578
1.924805
1.935547
-1.851562
-2.599609
0.567383
-1.078125
-0.058167
1.401367
0.012886
2.531250
-0.449463
-3.410156
-0.142090
0.172974
-0.291016
-0.214233
0.378662
0.619629
0.244263
0.067627
1.062500
-0.212891
-1.035156
-0.074829
-0.189697
0.876953
-0.344971
-0.044281
0.141235
-0.004391
-0.168945
-0.203613
0.290771
-0.085754
-0.113770
-0.084106
-0.143555
-0.514160
-0.106628
0.804199
0.276367
0.398193
-0.701660
-0.610840
0.173584
-0.635742
-0.423584
0.030045
0.393799
-0.360352
-0.195068
0.690430
1.482422
-0.667480
2.062500
-0.348389
1.492188
1.133789
0.991699
-0.127319
0.232056
0.223633
-0.088501
-0.097900
0.051331
0.158936
-0.383545
-0.315918
0.848633
-0.463867
0.530273
-0.006519
-0.707520
0.678223
-0.375488
-0.364258
0.531738
0.916992
-0.894531
0.206421
1.012695
0.665527
-0.132202
-0.171875
0.111511
-0.012451
-2.986328
-1.624023
1.310547
1.156250
-2.599609
-0.078613
0.710449
0.687012
-0.606934
-1.166016
0.983887
-0.650391
-0.107605
0.384033
-0.167847
-1.306641
-0.447510
1.369141
-1.870117
0.997559
-0.284424
-2.351562
-0.804199
-0.100464
-0.158081
-0.085510
-0.241455
-0.162720
-1.104492
-0.067749
3.158203
0.016296
-0.087585
0.325684
0.950684
-0.742188
1.190430
0.220703
-0.093201
-0.053894
-0.940918
-0.635742
0.753418
0.590332
-1.179688
-0.617676
1.405273
-1.040039
0.202515
0.598145
-1.504883
1.637695
0.362549
-1.359375
1.697266
0.302979
-0.105713
-0.622070
1.598633
0.531738
-0.486328
-1.094727
0.422119
-0.678223
-1.989258
-0.249878
-0.150635
0.074402
-1.861328
-13.757812
1.325195
1.859375
0.702637
2.027344
0.557129
-3.976562
0.644531
0.320801
-0.206421
-0.072937
-2.472656
1.821289
0.064148
-0.261475
0.030457
-1.140625
-0.338135
-0.482178
0.271484
-0.244751
0.040314
0.092224
0.352051
-0.233154
4.890625
0.424805
-0.458984
0.610840
0.445312
-1.539062
1.040039
-0.939941
1.682617
3.910156
-0.111084
-3.884766
0.951172
-0.917480
-0.418945
-0.900391
1.667969
-0.639648
-0.374268
0.845703
-0.089355
1.895508
0.083679
-2.566406
-0.105408
0.389893
-0.271240
0.200684
0.536621
0.941895
-0.216797
-0.385254
0.502441
0.179932
0.165405
-0.377930
-0.163574
2.550781
-0.990234
0.004864
0.176636
0.004185
-0.311523
-0.588379
0.359131
-1.046875
0.494385
0.465088
-0.241577
-1.666016
-1.084961
0.214355
-0.351074
1.098633
-1.036133
-1.641602
-0.758301
-0.791992
-0.183960
-0.638184
0.359619
0.286621
0.682617
0.017654
2.857422
0.774414
-0.130005
0.972168
0.418701
-0.361328
1.504883
-0.051178
0.281982
0.143433
-0.535645
-0.430908
0.828125
0.120361
-1.170898
-1.484375
1.834961
-0.561523
0.379883
0.049957
-0.352051
1.382812
-1.568359
-2.205078
1.532227
0.936523
-1.634766
0.210083
1.065430
0.177246
-0.165405
-0.749023
0.991211
-0.595703
-1.182617
-0.654297
-0.141846
0.211670
-1.789062
-2.601562
2.355469
0.187988
2.390625
0.489990
3.539062
-0.117126
1.093750
-0.267334
0.890625
-0.318604
-0.438232
-0.982910
0.130249
-0.109131
-0.864258
-0.258301
0.442871
6.039062
-0.070312
-0.207153
-0.136230
1.234375
-2.042969
-4.410156
-0.637207
-0.846680
-0.372070
0.430176
-0.073608
0.025925
0.007988
-1.561523
2.632812
-0.418457
-1.858398
-0.368652
-1.995117
1.278320
2.015625
-0.428467
-1.058594
-0.517090
-0.787109
-1.158203
-0.515625
1.295898
0.267822
0.345947
-0.283936
-0.504395
-0.328369
0.032715
0.299316
-0.551758
1.968750
0.157471
0.082092
-0.248535
-0.569824
0.666504
0.282715
-0.164185
0.111572
0.096619
-0.319580
0.178223
0.399902
-0.366699
1.023438
-0.325684
-0.871582
0.416016
1.629883
0.228516
0.030411
-2.701172
-0.313965
-1.247070
1.475586
-1.257812
-0.102661
2.945312
-0.246460
0.526855
0.771973
-0.080078
-0.848633
-1.048828
-0.180786
-0.366211
0.155029
-0.580566
0.058990
0.224365
-0.471191
-0.632812
0.335205
0.396729
0.697266
-0.034821
0.990234
0.758789
1.106445
0.400391
-1.393555
0.382324
0.594238
-1.326172
0.230835
2.556641
0.039398
0.461182
-0.124390
0.315674
-0.311035
-0.552246
0.192017
0.456055
3.708984
0.673828
-0.099243
-0.198853
-0.278809
1.187500
-0.873047
-0.329346
0.220703
-0.311279
0.142334
0.507324
0.948730
-0.557129
1.402344
-0.759766
-1.319336
1.530273
4.281250
0.125610
0.479248
-4.296875
-0.119263
-2.478516
0.432129
-1.763672
-0.450684
4.746094
0.180176
-0.001533
0.473389
0.395508
-1.972656
-0.560059
-0.218750
0.044281
0.229126
-1.242188
-0.018066
-0.355469
-0.188232
-0.248779
0.411133
-0.584473
-0.384521
0.486572
-0.772461
1.620117
0.296387
0.306641
-0.948242
0.499023
0.419189
-4.054688
0.218994
2.515625
0.070862
0.541016
-0.028152
0.980957
-0.125122
-0.330811
-0.920898
-0.102356
2.457031
0.315430
0.249634
-0.419678
-0.695801
0.693848
-0.191895
-0.007603
0.033234
-8.804688
2.810547
0.391602
2.781250
0.545898
3.382812
-0.896484
0.685059
0.157104
1.621094
-0.538086
-1.267578
-1.550781
-0.271973
1.253906
-0.756836
-1.013672
1.136719
6.308594
0.483887
-0.644043
-0.796387
2.208984
-1.198242
-11.351562
-0.283447
-0.723633
0.594727
0.814941
-0.869629
-0.701172
-0.801270
-2.451172
2.152344
-0.425537
-1.998047
-0.357666
-1.763672
0.521973
2.542969
-0.936035
-0.541016
-1.162109
-1.783203
-3.017578
0.538574
2.386719
0.296631
-2.523438
-1.162109
-0.829590
0.030121
-0.078369
0.559082
-0.908691
2.515625
-1.898438
1.266602
-0.153931
0.316895
1.175781
-0.732422
-0.037079
0.218018
-1.541016
0.973145
-0.105957
3.818359
0.169067
3.408203
-0.794434
-0.081238
0.396484
1.193359
-0.324951
-0.646484
-0.961914
-0.449951
0.402100
-0.841797
-0.023132
0.606934
8.882812
0.289062
0.044281
-0.164062
1.398438
0.165771
2.123047
-0.350342
-0.552246
-0.353027
0.564453
-0.786133
-0.378662
-0.284180
-1.509766
1.859375
0.231445
-1.380859
-0.400146
-1.003906
0.611816
3.742188
-1.073242
-0.773438
-1.040039
-0.414551
-3.990234
-0.305176
0.958008
0.578125
-0.751465
-0.806152
-0.081116
-0.137207
0.053528
0.798828
-0.365967
2.781250
-2.466797
1.381836
-0.718262
-0.458008
1.657227
-0.153198
-0.517578
0.595215
-0.610352
-0.554688
0.060425
1.091797
0.037354
0.939453
-0.746582
0.091248
0.854980
0.509277
0.613281
0.120605
-1.144531
-0.545898
1.619141
0.213013
-1.356445
-0.291992
2.359375
-0.407959
0.026672
0.092834
0.205688
0.373535
-4.296875
-0.648926
0.452637
-0.023026
-0.178101
0.312988
0.021851
-0.245483
-0.638672
1.120117
-0.089966
-0.017654
-0.532227
0.162231
0.306396
1.767578
0.234375
-0.863281
0.375244
0.025970
-0.953125
-0.130493
0.817871
-0.118835
0.769043
-0.280518
-0.349609
-0.046387
-0.030685
0.395264
0.857422
4.136719
3.050781
0.379395
-0.599121
-0.438721
0.674316
-0.210205
-0.019775
0.071777
-0.382324
-0.052734
-0.058990
0.212158
-0.050201
0.624023
0.112488
-0.414551
-0.126953
0.412109
0.086914
0.031555
-0.515625
-0.075562
-0.255127
0.353516
-1.020508
-0.537598
1.433594
-0.970703
-0.217651
0.044769
0.852539
-1.469727
-2.072266
0.106812
0.216675
0.598633
-0.328857
0.361328
0.179321
0.401611
-0.416992
0.594238
0.145874
-0.009865
0.181519
0.198486
0.636719
0.356689
-0.687988
-0.433594
0.340332
0.334473
-1.036133
-0.552246
1.224609
0.357910
0.771973
-0.884277
0.176025
0.346680
0.055389
0.107788
0.084412
0.813477
0.873535
0.432861
0.969727
0.493896
3.212891
0.861328
0.406494
0.366699
-1.476562
-0.075562
0.445312
2.011719
0.283936
-0.334229
-2.996094
0.774902
2.326172
-0.101013
-0.139038
-2.955078
4.175781
-2.458984
1.789062
-1.841797
-2.925781
-1.003906
-0.601562
3.000000
0.692383
1.512695
2.591797
-2.062500
-2.125000
18.453125
3.351562
1.179688
4.371094
8.460938
-0.068176
8.656250
-3.673828
2.251953
3.689453
-1.503906
-1.989258
2.865234
-0.921875
-2.765625
-1.001953
2.322266
-2.824219
-0.440186
-0.743164
-0.704590
3.929688
1.084961
-3.828125
0.654297
2.037109
0.975586
-1.805664
1.681641
0.887207
1.354492
-0.133789
-11.226562
0.747070
-6.011719
1.071289
0.195312
60.312500
-72.500000
-1.635742
-2.892578
1.700195
3.910156
-0.571777
4.109375
-1.348633
1.439453
-2.451172
3.490234
2.351562
-1.378906
-4.707031
0.319092
1.363281
2.802734
3.501953
1.482422
7.464844
2.685547
-1.036133
-1.915039
4.578125
15.437500
-23.562500
-5.265625
-2.320312
-9.539062
20.843750
-54.125000
-107.437500
-68.500000
-5.980469
4.496094
0.839844
1.553711
1.241211
0.840332
0.962891
5.613281
1.838867
-1.443359
0.586426
1.708984
0.089478
-0.190674
-0.338623
-0.252441
3.292969
1.846680
-5.601562
-0.111206
-2.015625
0.226807
-2.923828
24.234375
-7.984375
6.886719
-2.318359
2.386719
46.531250
-35.718750
-126.500000
175.250000
0.130737
0.062439
-0.395264
0.092957
-0.240356
0.057892
-0.160522
-0.028687
0.036377
0.115967
0.070251
-0.013573
0.352539
0.007793
-0.048279
-0.171753
-0.031311
0.164795
-0.102600
0.016724
-0.038788
0.042145
-0.235107
-0.547363
0.008774
0.016403
0.113220
0.318848
0.015671
-0.363770
-0.186646
0.105652
-0.053009
-0.440186
-0.388184
0.196289
0.092896
-0.166016
0.059967
-0.013283
-0.117432
0.063721
-0.037994
-0.036865
0.307129
0.163330
-0.124451
-0.112915
0.040863
0.020798
-0.429688
-0.027237
0.082886
2.470703
-0.231812
0.309326
0.116943
-0.381592
0.296143
-0.219360
0.048645
0.685547
-0.069641
0.071533
0.003462
0.125488
-0.004669
-0.746582
0.291504
0.069580
0.474854
0.167969
-0.088867
0.103577
0.209473
0.358398
0.491699
0.330811
0.602539
-0.257568
0.745117
-0.306152
0.314209
-0.098755
-0.096863
0.680176
0.324951
-0.088501
-0.253906
-0.151123
0.745605
-0.247681
-0.411621
0.277588
0.696777
-0.345215
-0.525879
0.332520
0.045532
-0.204590
0.639648
0.576660
-0.259033
-0.157104
0.142578
-0.260986
0.674316
-0.311279
-0.069580
0.200317
-0.174561
0.375000
-0.109192
0.381104
0.176270
-0.240479
-0.439453
-0.781250
-0.775391
0.273438
-0.238037
0.410645
-0.059296
0.229004
0.377197
-0.970215
-0.088501
0.709961
-0.065308
0.832520
1.055664
-1.319336
-2.138672
3.755859
-1.217773
-4.648438
-0.612793
2.757812
-2.107422
-0.902832
1.687500
1.081055
0.453369
-0.229858
-0.111450
1.195312
0.072510
1.698242
-2.408203
-1.666016
-1.788086
-0.438477
0.969727
7.335938
-1.319336
0.399414
-0.921387
0.420898
-1.154297
-0.190674
0.289062
-0.069946
-0.012741
-1.842773
-1.938477
2.109375
3.052734
-2.052734
-2.105469
1.010742
-1.674805
2.396484
-2.064453
0.787598
0.000347
-1.192383
-0.726562
0.277832
0.219116
0.049957
1.083008
0.687988
-0.580078
-1.276367
0.886719
-1.442383
-1.167969
0.976562
1.330078
0.776367
2.585938
-2.115234
-0.059357
0.397949
0.040588
-0.293457
-0.271240
0.332520
0.267090
-0.724609
-0.532715
0.862793
-1.151367
-0.378174
0.046844
0.457764
2.734375
-0.384277
0.327637
1.493164
0.442627
2.109375
-3.062500
-2.431641
-3.119141
-1.244141
0.892578
8.703125
-2.056641
-0.406982
-1.880859
-0.349121
-0.396240
-1.002930
0.208618
-0.406250
-0.249023
0.521973
0.515625
-0.426270
0.633301
0.112244
-1.212891
0.067444
-0.403076
1.542969
-1.983398
-0.282715
-0.274902
-0.498291
1.529297
-0.687012
0.393311
-0.260254
2.298828
1.079102
-0.333496
-1.503906
2.126953
-3.210938
-1.718750
1.887695
3.056641
1.979492
2.939453
-3.404297
-1.107422
-0.151489
4.367188
0.907715
-3.125000
-0.855957
-3.322266
0.830078
2.134766
-0.376953
0.031219
-1.296875
1.594727
-0.522949
0.219971
-0.369873
-0.369141
0.022293
-0.301758
0.465820
-0.324951
0.276855
-0.489258
-0.057983
-0.110901
3.175781
0.446777
-0.063416
0.740723
0.567383
-0.467773
1.166992
-0.966797
1.112305
3.748047
0.651855
-3.326172
1.567383
1.079102
-1.787109
-1.568359
0.710938
-0.765137
-0.109436
0.681641
-0.025162
1.982422
-0.490967
-2.539062
-0.239136
0.390869
-0.563477
0.286865
0.560547
0.738770
0.101257
-0.057007
0.716797
-0.328369
-0.688965
-0.210083
-0.690918
1.042969
-0.823242
-0.137695
0.059326
0.073364
-0.025986
-0.062866
-0.094910
-0.166748
0.231812
0.418213
-0.505859
-0.474609
-0.405518
1.321289
-0.800293
0.943359
-0.425049
-0.862793
-0.275879
-0.501465
-0.031555
0.084290
-0.209106
-0.386963
-0.308350
0.200806
2.757812
-0.259277
0.367188
0.858398
0.884277
0.962891
0.367432
0.002541
0.248047
0.070435
-0.306885
-0.258789
0.385742
-0.183228
-0.573242
0.006332
0.770508
-0.645508
-0.114197
-0.130859
-0.269531
0.957031
-0.242432
-0.257080
0.707520
0.662598
-0.117004
0.017334
1.045898
0.791992
-0.051849
-0.216553
0.542480
-0.505859
-2.546875
-0.369141
0.301758
0.987305
-3.072266
0.095154
-0.082214
0.112549
0.670410
-0.047821
-0.015717
-0.785156
0.468750
0.969238
-0.132202
-1.767578
-1.072266
1.093750
-0.664062
0.446533
-0.488281
-0.964844
-0.369873
-0.608887
0.301758
-1.027344
-0.320068
-0.510742
0.385498
0.312012
3.818359
0.412109
-0.479248
0.850098
0.995605
-0.670410
0.153320
0.007164
0.159180
0.294922
-0.381592
-0.804688
0.917969
-0.026642
-1.088867
-0.145752
1.997070
-0.033722
0.176025
-0.075378
-0.767578
1.582031
-0.529297
-1.368164
0.909180
0.255859
-0.297607
0.219238
0.880371
0.581543
-0.054901
-0.170776
0.714844
-0.407959
-1.170898
-0.052338
-0.153442
1.267578
-2.371094
-12.093750
0.091553
2.869141
1.673828
0.182251
-0.991211
-3.109375
2.626953
0.375732
-1.166992
0.739746
-2.611328
1.054688
0.165527
0.339600
-0.170898
-0.687012
-0.381104
-0.614258
0.096191
-0.551270
0.342529
0.424561
0.227905
0.086243
6.132812
-0.269531
-0.467041
0.687988
0.911621
-1.216797
0.918457
-2.923828
0.479004
5.308594
-1.990234
-4.812500
3.556641
-0.684570
0.235718
-0.708008
2.318359
-2.050781
-0.376709
-0.236450
-0.533203
2.132812
-0.240356
-2.933594
-0.193726
0.705078
-0.649902
0.584473
0.650391
0.881348
0.083008
-0.676758
0.667969
0.161133
-0.104614
0.079773
-0.365479
3.134766
-1.458984
0.210327
-0.380615
-0.169922
0.591797
0.506348
-0.528809
-1.067383
1.173828
0.866699
-0.013321
-1.363281
-0.414307
1.321289
-0.788574
0.597168
-0.305908
-1.164062
0.091919
-0.074707
-0.532715
-0.346436
0.638184
-0.021271
0.365967
-0.080444
3.304688
0.464600
-0.507812
0.651855
0.439697
-0.290771
0.663574
-0.017914
0.144043
0.346436
-0.284180
-0.728027
0.945801
-0.545410
-1.220703
-0.069214
2.111328
-0.765137
-0.183105
0.787109
-0.501465
1.221680
-0.309814
-2.037109
0.659668
0.759766
-0.295166
-0.044983
1.250977
0.503418
0.577637
0.002405
1.138672
-0.182007
-1.572266
-0.057831
0.270996
0.966309
-1.872070
-3.054688
2.876953
-0.532227
2.773438
-1.226562
2.023438
-0.283936
-0.488525
0.032013
1.520508
0.751465
-0.879395
-0.690430
-0.781250
0.571289
0.769531
-0.588379
0.152466
7.019531
0.397217
0.522461
-0.009216
0.542480
-1.751953
-5.031250
-0.444092
-0.049896
-1.035156
0.342773
-0.159790
-0.439209
-0.090759
-3.093750
6.519531
-1.506836
-1.115234
-0.355713
-0.528320
-0.131958
2.302734
0.361572
-0.871094
0.754395
0.511719
-1.940430
0.551758
1.513672
0.011589
0.417236
-0.403076
0.390137
0.114319
-0.171143
0.292725
0.119446
1.981445
-0.699707
0.212891
-0.491943
-1.732422
0.201294
-0.564941
-0.314697
0.036438
-0.192627
0.188110
0.091125
0.619141
-0.133545
0.878906
-0.422852
-0.974121
0.164673
1.861328
0.791504
-0.243042
-2.517578
-0.367188
-0.924316
0.590332
-1.110352
0.464844
2.843750
0.278320
0.498047
0.837402
0.997559
-1.148438
-0.968262
0.794922
-0.462646
0.748535
-0.352539
-0.074219
-0.293457
-0.177612
-0.530273
0.523438
-0.157227
0.251953
0.230835
0.238647
0.682129
1.001953
0.148193
-1.271484
0.260254
0.300781
-1.347656
0.449707
2.318359
0.231812
0.461670
0.113892
0.470215
-0.460205
0.087097
0.141846
0.384033
3.279297
0.367676
0.396240
-0.227539
-0.324951
1.601562
-0.157837
-0.262451
0.286133
0.096130
0.026871
0.365967
1.199219
-0.613281
1.185547
-0.662598
-1.515625
0.581055
2.814453
0.902344
-0.219604
-3.054688
-0.172363
-1.629883
0.520508
-1.269531
-0.190552
4.062500
-0.332764
-0.243652
0.787598
1.256836
-1.301758
-0.909668
-0.360107
-0.460205
0.060944
0.007195
0.092468
-0.089233
-0.135254
-0.380127
0.440186
-0.574707
0.068481
0.203125
-0.123352
1.248047
0.107971
0.390625
-0.632324
-0.053589
0.623047
-2.990234
0.634766
2.511719
-0.259521
0.855957
-0.065125
1.021484
0.203979
-0.171509
0.268555
0.225220
2.468750
0.479004
0.409180
-0.674805
-0.480713
1.486328
-0.120361
-0.299316
-0.111816
-13.531250
0.311768
-0.876953
3.767578
-2.072266
2.986328
0.462891
-0.649902
-0.535645
1.382812
-0.126343
-1.313477
-1.799805
-0.328125
1.770508
2.300781
0.456787
-0.377197
7.816406
1.524414
0.206909
-1.258789
-0.410889
0.121765
-13.414062
-1.074219
0.365479
-0.790039
2.027344
-2.140625
-1.356445
-0.820312
-7.402344
3.929688
-3.003906
-2.779297
-1.426758
-1.040039
0.729492
3.474609
-1.373047
-1.340820
0.726562
-0.096619
-2.984375
0.579102
0.638184
0.255859
-1.333008
-0.177002
0.006969
0.843750
0.795410
0.385986
-0.219238
4.394531
-3.599609
0.274658
-1.219727
-1.135742
2.603516
-2.951172
-2.015625
1.840820
-2.837891
-0.118286
-0.878906
7.859375
-1.468750
1.692383
-0.235107
-0.382080
-0.575195
1.105469
0.413574
-1.085938
-2.447266
0.403076
0.560059
1.609375
0.102478
0.609863
8.382812
0.317627
0.814941
0.226562
0.081665
1.017578
0.301025
-0.601562
1.049805
-0.537598
1.124023
-1.083008
-0.415771
-0.057465
-2.857422
4.316406
-0.189453
-2.912109
-0.569824
0.304932
0.035919
3.019531
-0.811035
-0.975586
0.239502
-0.097900
-2.472656
0.453613
0.455078
0.394531
-0.094849
-0.980469
1.932617
0.542969
0.187134
0.419678
-0.393311
3.738281
-4.722656
0.833496
-0.996582
-0.283936
2.091797
-1.124023
-0.296143
0.544434
-0.726562
-0.459717
-0.413086
2.132812
-0.832031
1.510742
0.169312
-1.182617
-0.160278
1.094727
0.974609
0.301758
-2.271484
-1.007812
0.701172
0.161743
-1.299805
-0.070374
3.248047
-0.325684
0.091858
0.107666
0.296875
-0.735352
-3.873047
-0.190186
-0.413330
-0.302734
-0.432617
-0.664551
-0.057953
-0.560547
-1.281250
1.803711
-1.281250
-0.330566
0.045135
0.236694
0.060303
1.675781
0.461182
-0.572266
-0.047058
-0.007675
-1.917969
0.460693
1.631836
-0.523926
0.180176
-0.451660
0.212036
0.586914
-0.271973
-0.001209
0.730957
2.855469
1.437500
0.396240
-0.397217
-0.369385
0.759277
-0.229858
-0.252197
0.374023
-0.401611
0.248169
-0.103699
0.701172
0.162720
0.955566
-0.214722
-0.220947
-0.251953
0.457764
0.398926
0.177979
-1.355469
-0.004002
-0.739258
0.698730
-1.014648
0.201538
2.404297
0.220825
0.298096
0.660645
0.707520
-1.199219
-2.115234
0.410156
-0.272461
0.023254
0.309326
0.231201
-0.317139
-0.105774
-0.269287
0.699707
-0.264648
-0.170166
0.196289
0.139526
0.677734
1.086914
-0.149902
-0.792969
-0.035095
0.174805
-0.847168
-0.451416
1.334961
0.085876
-0.194702
-0.516602
0.396729
0.429688
0.215820
0.396240
0.171753
1.746094
1.005859
0.309814
-0.837402
-0.995117
3.187500
0.048126
-0.160889
0.397217
-0.985840
-1.125000
-0.148315
1.474609
0.644531
-0.783691
-3.031250
1.477539
2.236328
-0.138062
-0.557129
-3.154297
4.738281
-1.209961
0.374023
-0.816406
-1.986328
1.306641
-0.342773
1.423828
-3.517578
0.135376
0.323242
0.195068
-1.353516
19.000000
0.543457
-0.393555
3.593750
8.484375
1.149414
7.316406
-3.623047
2.050781
2.806641
-1.840820
-2.804688
3.085938
-1.389648
-2.529297
-0.655762
3.126953
-2.511719
1.189453
-0.308594
0.757324
4.039062
-0.555176
-3.410156
0.199097
1.174805
0.062805
1.223633
0.797852
-0.390137
-0.208740
-0.085510
-12.898438
-2.042969
-2.328125
0.072876
-0.970215
58.750000
-75.187500
-0.867188
-3.248047
-1.384766
3.597656
-0.011726
3.773438
-0.497559
-2.285156
-0.018555
2.617188
0.139404
-2.283203
-5.316406
0.351074
2.250000
0.400879
-0.634277
1.528320
6.191406
0.231323
-1.165039
-0.333984
2.744141
12.609375
-23.953125
-3.388672
-3.800781
-10.742188
24.906250
-52.281250
-109.062500
-64.625000
-5.613281
1.833008
-3.732422
1.672852
0.044189
-0.373291
-0.630859
3.376953
0.789551
-1.487305
2.849609
-0.707031
0.746582
-0.530762
1.142578
-0.636719
2.671875
2.001953
-6.851562
-0.459229
-0.171631
0.894531
-0.821289
25.171875
-9.726562
3.085938
-4.683594
3.179688
46.343750
-35.000000
-128.875000
174.125000
-0.011909
-0.044464
-0.083435
-0.168823
0.016876
-0.092529
0.127686
-0.184204
0.332764
-0.006252
-0.024643
0.083862
0.182739
0.019684
0.023560
0.090759
0.023773
-0.103821
-0.148682
-0.050995
-0.066101
-0.041962
-0.336670
0.046295
-0.180420
0.063416
-0.134033
-0.104797
0.065674
-0.869629
0.031158
0.198120
-0.004650
-0.439941
0.076172
-0.056976
0.059296
0.109009
0.033844
-0.017700
-0.040222
0.158325
-0.003536
0.092712
0.015625
-0.036713
0.283691
-0.231323
0.019348
0.090515
-0.005524
-0.026047
0.070984
2.351562
-0.132568
0.130615
-0.103149
0.040039
0.036713
0.211670
0.079163
0.026306
-0.074402
0.085999
0.091187
-0.128784
-0.062866
-0.137695
0.064941
0.479980
-0.015945
0.294678
-0.300781
0.330078
-0.369629
-0.580078
0.578125
-0.025803
-0.010689
0.416748
-0.589844
0.202759
-0.684082
0.550781
0.144409
0.449219
-0.599121
0.425537
0.587402
-0.233521
-0.122559
-0.167603
0.436768
-0.063171
1.143555
0.433838
-0.456543
0.456055
-0.693359
0.507324
0.653320
0.512207
0.136475
0.059204
0.025604
0.189575
0.775879
-0.799316
-0.427002
-0.049591
0.503418
0.036072
0.176270
-0.184082
0.125122
0.132202
0.681641
-0.714844
-0.437012
-0.486328
-0.258301
0.660156
-0.060699
-0.333740
-0.247559
-0.148926
0.079651
0.175415
-0.061188
1.232422
1.357422
-2.261719
-2.900391
4.636719
-0.966309
-5.402344
-0.828613
3.449219
-2.662109
-1.754883
2.244141
1.317383
0.260010
-1.626953
0.350586
-0.712402
-1.020508
-0.002741
-1.809570
-0.725098
-0.710938
-1.242188
0.108154
7.597656
0.274658
0.565918
-0.295898
2.027344
-2.445312
1.210938
0.383545
-0.390625
-0.191528
-1.577148
-1.700195
2.236328
4.484375
-1.166016
-3.183594
-0.127319
-1.946289
1.776367
-2.123047
-1.259766
0.651855
0.873535
0.805176
-1.636719
0.753906
-1.808594
-0.229736
1.727539
-0.725586
0.605469
2.367188
-0.450928
-1.247070
2.123047
-0.533691
0.646484
1.934570
-0.819336
0.117188
0.421631
0.156616
-0.703613
-0.604980
0.769531
0.406738
-1.011719
-1.335938
0.555664
-1.708984
-0.277832
-0.492920
-0.290527
3.328125
-1.155273
1.003906
-2.808594
-0.459717
-1.053711
-2.433594
-0.099060
-1.403320
-1.623047
0.550293
8.289062
0.032349
0.777832
-2.273438
1.433594
-2.544922
1.729492
0.410156
-0.677734
-0.730957
0.943359
0.614258
-0.795410
0.975586
0.161743
-1.844727
-0.676758
-0.520020
2.177734
-2.466797
-0.684570
-0.824219
1.303711
3.332031
-1.517578
1.265625
-0.807617
0.170898
3.003906
-0.458740
1.078125
4.246094
-0.741211
-2.568359
4.402344
-0.324951
1.551758
1.598633
-1.277344
-0.763184
-0.231812
4.843750
0.943359
-2.455078
-1.083008
-4.781250
0.645020
1.520508
-1.275391
-0.231812
-0.637207
1.758789
-0.904785
-0.323486
-0.086304
-1.096680
-0.114807
-0.241821
-0.007576
-0.098450
0.546875
0.101257
0.003805
0.149048
3.347656
0.121277
0.128174
0.552734
0.249146
-0.353760
1.284180
-0.323486
2.031250
2.089844
-0.491211
-3.398438
1.308594
1.111328
-1.454102
-2.345703
0.787598
-1.172852
-0.024261
0.569336
0.207642
2.101562
0.381836
-1.999023
-0.683105
0.594238
-0.779785
-0.026077
0.209473
0.656250
0.294189
0.341797
1.168945
-0.304688
-0.248535
0.040161
-0.289307
0.988281
-0.717285
-0.202148
0.345215
0.159546
0.137573
-0.073547
0.051758
-0.314453
0.199341
0.539551
-0.307617
-0.629883
0.052094
1.581055
-0.676758
0.730957
-0.307373
-0.928711
-0.707520
-0.385498
-0.380371
-0.501465
-0.113892
-0.394043
0.114685
0.087463
2.566406
0.666504
0.898438
0.406738
1.714844
0.857422
0.376709
0.093018
0.124329
0.297119
-0.430908
-0.163818
0.370117
-0.193726
-0.487793
0.247559
1.138672
-0.546387
-0.208984
0.017609
-0.284668
0.698730
-0.036896
-0.466064
1.138672
0.635254
-0.856934
-0.068481
1.041992
0.746094
0.062103
-0.455566
-0.039551
-0.413330
-1.984375
-0.732422
0.886719
1.010742
-2.232422
-0.009438
0.199707
0.041718
0.262695
-0.143311
0.290283
-0.287598
0.516602
0.614258
-0.690430
-2.132812
-0.386475
1.531250
-1.370117
1.097656
-0.616699
-1.465820
-0.179199
-0.078125
-0.230225
-1.382812
-0.789062
0.158447
-0.228271
-0.223145
3.818359
0.257324
-0.135254
0.530273
0.614258
-0.196777
0.585938
-0.030975
0.191406
0.363770
-0.547852
-0.750977
0.983398
-0.107056
-1.187500
-0.625000
1.361328
-0.382080
-0.053955
1.082031
-1.044922
1.335938
0.332764
-0.941895
0.654297
0.111328
-1.045898
-0.281006
0.620117
0.746094
-0.376221
0.018265
0.661621
0.044891
-0.963867
-1.105469
0.301270
1.182617
-1.937500
-6.035156
-1.174805
3.212891
0.260986
0.401611
-0.697266
-4.460938
1.572266
1.144531
-0.429199
0.104248
-1.875000
1.727539
-0.776855
0.598145
0.050751
-0.249878
-0.191528
-0.987793
0.502930
0.206421
-0.113831
0.204956
-0.204102
-0.470947
4.761719
0.573242
-0.269531
1.068359
1.057617
-1.626953
1.097656
-1.483398
-0.367188
3.794922
-3.556641
-4.507812
3.232422
-1.296875
0.025848
-0.269287
1.862305
-2.000000
0.156738
-0.357178
-0.843262
2.076172
-0.154907
-3.308594
0.140137
0.631348
-0.479004
0.075562
0.644531
0.729492
-0.020157
-0.468262
1.237305
-0.019653
-0.459473
0.110168
0.032898
2.238281
-0.449463
0.033203
-0.648438
-0.609863
0.964844
0.697754
-0.727051
-1.006836
1.271484
0.732910
-0.375000
-1.474609
-0.739746
1.849609
-1.190430
1.830078
-0.345459
-1.244141
-0.468262
-0.491699
0.176514
-0.101074
0.036255
0.244751
0.696289
0.322998
3.394531
0.435791
-0.599609
0.865723
0.395508
-0.021484
0.933594
-0.056244
0.303711
0.402832
-0.131470
-0.727051
0.876465
-0.479492
-1.120117
-1.138672
2.726562
-1.128906
0.194580
0.106323
-0.512695
1.274414
-0.603516
-2.140625
1.146484
0.912598
-0.218140
0.564453
1.121094
0.598145
0.269531
0.131714
0.977539
-0.381348
-0.719727
-0.293457
-0.205566
0.716309
-2.341797
-1.717773
2.392578
-1.311523
2.761719
-1.407227
1.938477
-0.179077
-0.769043
-0.252197
2.480469
0.175659
-0.768555
-1.827148
-1.007812
0.708984
1.226562
-0.745117
-0.716309
5.875000
0.008957
0.329590
-0.445801
0.886719
-2.650391
-3.177734
0.173706
-0.687012
-1.325195
-0.066101
-0.016144
0.043732
-0.473877
0.256592
4.683594
-0.331055
-0.754395
0.121704
1.801758
0.131714
2.783203
1.528320
-0.534668
0.347656
-0.163940
-2.416016
0.078186
2.220703
0.147461
0.608887
0.370605
-0.029678
-0.172241
-0.432861
-0.834473
0.473877
1.397461
0.755371
0.413330
-0.278564
-1.136719
0.384277
-0.231079
-0.275146
0.405518
0.113342
-0.260742
0.314697
0.597168
-0.582520
0.969238
-0.629883
-0.924805
0.370361
2.261719
0.549805
-0.337158
-3.326172
-0.562500
-0.767090
1.004883
-1.457031
0.084839
2.568359
0.036926
0.264160
0.627441
0.747070
-1.035156
-1.050781
0.133057
-0.057770
0.460938
-0.199707
0.250977
0.057587
-0.246826
-0.614258
0.422852
-0.057922
0.426758
0.230225
0.961426
0.954102
1.412109
0.239868
-1.116211
0.502930
0.631348
-1.538086
0.444336
2.267578
-0.497070
0.612305
-0.019287
1.108398
-0.291992
-0.175537
0.317871
0.203125
3.330078
0.721191
-0.043610
-0.499268
-0.245728
1.367188
0.033966
-0.663086
0.263184
-0.271973
0.411621
-0.461914
0.591309
-0.051117
1.574219
-1.044922
-0.752441
0.247070
2.732422
0.324219
-0.204224
-3.054688
-0.724609
-1.492188
0.548340
-0.010529
-0.663086
4.328125
0.054688
0.607422
0.596680
0.797852
-1.233398
-0.724121
0.192383
-0.318359
-0.202026
-0.416016
0.390869
0.284912
-0.063049
-0.013847
0.210327
-0.182861
-0.113220
0.371094
0.796387
1.903320
0.645020
0.287109
-1.103516
0.709961
0.430908
-2.843750
0.199097
1.653320
0.194458
0.238037
-0.044983
0.739258
0.074097
-0.700684
0.735352
0.394287
3.056641
0.548828
0.541016
-0.794922
-0.981445
1.070312
-0.330566
-0.170288
0.076294
-11.484375
1.445312
-0.833496
3.804688
-2.556641
4.125000
-0.463623
-0.458984
-0.534180
2.410156
-0.685547
-1.993164
-2.330078
0.435547
1.822266
4.101562
-1.574219
-1.430664
7.550781
-0.530273
3.111328
-1.850586
1.469727
-1.554688
-13.234375
-2.603516
-0.822266
-0.577637
2.591797
-3.445312
-2.359375
-1.917969
-5.421875
2.324219
-1.534180
-1.604492
0.740723
1.868164
1.604492
3.812500
1.002930
-2.300781
2.960938
-1.283203
-2.500000
0.767578
1.933594
0.945801
-0.485107
1.980469
-0.177368
-1.606445
-2.476562
-1.150391
-0.770020
4.878906
-2.058594
0.697266
-1.622070
-0.120117
1.783203
-1.363281
-1.817383
3.134766
-1.624023
-0.465820
-1.024414
7.785156
-2.892578
5.390625
-0.653320
-1.730469
0.211670
3.585938
-0.329346
-1.025391
-4.152344
0.253174
0.656250
2.804688
-0.312744
-0.373779
10.554688
0.313232
1.471680
-0.939453
1.263672
0.532227
1.292969
-0.766602
-0.134644
-1.420898
1.505859
-1.865234
-1.246094
-0.844727
-0.783203
2.978516
1.653320
-4.945312
0.479492
2.712891
-0.203369
4.773438
0.588379
-1.502930
1.059570
-1.240234
-3.283203
-0.030029
1.775391
0.903320
0.282227
0.627441
1.239258
-0.943359
-1.041992
-0.441406
0.926270
4.789062
-4.433594
0.906250
-0.716309
0.563965
1.707031
-1.267578
-0.081665
1.049805
-1.439453
0.443604
-1.274414
1.815430
-0.031204
1.896484
-0.066956
-0.312988
-0.101501
1.507812
0.436523
-0.185181
-2.062500
0.006462
0.990723
0.069824
-0.483643
-0.662109
3.228516
-0.010185
0.213379
0.209106
0.091309
-1.238281
-3.935547
0.184326
-0.434570
0.187866
-0.272217
-0.094482
-0.576172
-0.476807
-0.637695
1.612305
-0.107666
-0.192993
-0.113220
1.114258
-0.190552
2.009766
0.623047
-0.585938
0.083801
-0.354248
-1.400391
-0.076172
2.019531
-0.324951
0.728027
-0.540527
-0.325684
0.001982
0.016876
0.189453
0.400635
3.041016
1.838867
0.293213
-0.604980
0.012352
1.303711
-0.085693
-0.124695
0.075439
-0.194946
-0.016663
0.335449
0.875977
0.154419
1.095703
-0.465576
-1.098633
0.393799
0.968750
-0.219849
-0.808105
-1.291992
0.326416
-0.676270
0.733887
-0.696777
0.498535
2.378906
-0.394775
0.127808
0.330566
1.376953
-0.941406
-2.009766
0.972168
-0.515137
0.419189
0.679688
0.648926
-0.081726
-0.011269
-0.005539
0.736816
-0.520020
-0.268799
0.484619
0.246216
0.365234
1.134766
0.009880
-0.440430
0.260010
0.854492
-1.472656
0.316162
1.161133
0.447510
-0.050903
-0.330811
0.598145
0.102356
-0.069336
0.588867
0.924316
1.264648
0.299561
-0.077698
0.051575
-1.197266
2.761719
0.861328
0.187500
0.550293
-1.013672
-1.150391
0.221069
1.473633
0.675781
-1.032227
-2.783203
1.220703
2.417969
0.750488
-0.128784
-3.117188
3.814453
-0.131348
0.929688
-2.951172
-2.736328
-0.979492
-1.348633
-0.747070
-2.056641
2.267578
2.169922
-0.701660
-2.234375
19.187500
2.097656
1.624023
3.103516
9.968750
-0.679199
10.078125
-3.576172
2.244141
2.339844
-2.521484
-2.933594
3.181641
-1.184570
-2.544922
-0.403564
2.251953
-3.113281
0.857422
-0.683105
-1.346680
3.847656
0.671875
-1.947266
-2.486328
1.220703
-1.846680
0.164917
2.759766
0.083130
2.119141
1.253906
-9.460938
-2.621094
-1.718750
-2.648438
0.458496
57.625000
-74.000000
-0.309570
0.273926
-1.545898
5.097656
-2.173828
2.794922
-0.568848
-0.575195
1.547852
3.351562
2.019531
-1.774414
-4.125000
-0.754395
2.066406
3.732422
-0.602051
0.749023
6.855469
1.143555
-1.171875
-1.021484
1.723633
12.445312
-23.453125
-3.378906
-3.808594
-11.164062
22.781250
-53.187500
-102.062500
-68.187500
-5.753906
2.763672
-2.955078
0.995605
-0.228516
0.295898
-0.399658
3.568359
0.606445
-3.789062
2.044922
0.063110
0.355713
0.996094
0.524414
-1.260742
0.834473
1.034180
-7.855469
1.636719
1.165039
-2.222656
-0.347168
23.812500
-7.921875
3.437500
-2.210938
0.008553
44.062500
-34.500000
-128.750000
180.250000
0.037537
0.413574
-0.469238
-0.313477
-0.035828
-0.125732
0.201050
0.059784
0.355225
0.091553
0.020828
-0.090088
-0.025482
-0.413086
-0.161255
0.203491
-0.052612
-0.157104
-0.143555
-0.201050
-0.075073
-0.216431
-0.018799
0.008179
0.053711
0.127563
-0.020508
0.055481
0.168823
-0.864746
-0.282959
-0.128418
0.012939
0.013664
-0.073242
-0.136475
0.176758
0.112305
-0.059326
0.144165
0.311523
0.160767
-0.271484
0.070984
-0.081421
-0.041809
0.183228
-0.065552
0.015976
-0.044525
-0.321045
-0.098816
-0.234741
2.650391
-0.432861
0.071350
-0.105286
-0.015495
0.053894
-0.179443
-0.058960
-0.160645
0.224731
0.002184
0.451416
0.009933
0.228516
0.071167
0.013412
-0.302979
-0.205078
0.673828
0.453613
-0.179077
-0.068359
-0.037933
0.399658
0.674316
-0.329102
0.066772
0.189209
-0.380859
-0.093384
0.227295
0.166138
-0.511230
0.280029
0.303467
0.008568
0.098511
0.296631
-0.197021
-0.088928
0.534668
0.332764
0.182251
-0.023788
-0.513184
0.612793
0.222290
0.777832
0.503418
0.097107
0.268799
0.064575
0.128906
0.477295
0.136108
-0.102600
-0.382812
0.178589
0.132935
-0.243530
0.154907
0.001999
0.074707
-0.091614
-0.304443
-0.066101
-0.378662
-0.158203
0.516113
0.128540
-0.093506
0.105896
-0.205688
0.207153
0.356445
-0.101990
1.457031
2.181641
-3.337891
-4.871094
5.976562
-1.477539
-3.927734
-4.171875
3.955078
-1.710938
-3.968750
1.435547
-1.524414
-1.250977
-0.203491
-1.615234
-0.367188
0.170288
0.526367
-0.963867
0.172974
0.466064
0.047821
-0.995605
4.675781
1.081055
0.029739
0.727539
-0.118896
-0.235718
1.291992
0.500000
-0.695312
-0.122253
-2.123047
-1.827148
2.492188
6.789062
-1.587891
-4.726562
0.399902
-0.767090
1.333008
-1.124023
-0.271973
3.212891
0.200684
-2.654297
0.089905
-0.219727
0.709961
-0.068237
0.558105
1.760742
0.719727
0.777344
1.286133
0.264160
0.984375
-0.293213
-0.367676
2.292969
-1.384766
0.087341
0.129395
0.288818
-0.662598
-0.491211
0.900391
0.220459
-1.094727
-1.143555
0.565430
-1.382812
-0.137573
-0.244019
-0.876465
2.429688
0.179077
-0.174316
-0.559082
-0.141602
0.605957
-0.721680
-0.389648
2.082031
0.400391
-1.294922
6.394531
1.583008
2.134766
1.644531
-0.901855
1.702148
-0.036377
0.090332
-0.541016
-0.374756
0.436279
0.456055
-0.343994
0.929688
-0.456055
-1.241211
0.177490
-0.578613
1.833008
-1.809570
0.174194
-0.008575
0.553223
1.622070
1.366211
-0.234131
0.242920
0.638184
0.005989
2.531250
1.236328
3.054688
-1.333984
2.214844
2.281250
-1.136719
0.051880
7.007812
-1.521484
-0.631836
3.349609
5.257812
-3.292969
-6.042969
0.588379
-6.128906
0.115417
-0.926758
-1.169922
0.155884
-1.761719
0.828613
-0.163330
-0.461670
-0.419678
-1.478516
-0.066162
-0.292725
0.337402
-0.175293
0.024628
0.203857
-0.223755
-0.216309
3.447266
0.343750
0.614258
0.958496
0.398438
-0.782715
1.196289
-0.100464
1.830078
0.406738
-0.963379
-0.725098
1.897461
4.210938
-1.789062
-3.453125
1.679688
-2.646484
-0.157959
-0.107544
-0.602539
2.441406
-0.228516
-2.142578
-0.036926
0.172363
-0.335205
0.078735
0.647461
0.902344
0.165894
-0.329590
0.891113
-0.112854
-0.812500
-0.088562
-0.103394
1.325195
-0.034576
0.052704
-0.059906
0.081116
-0.015259
0.005577
0.173340
0.068237
0.138184
-0.253662
0.348633
0.551270
0.265381
0.778809
0.779297
0.759766
0.283936
-0.926270
0.011673
-0.227173
-0.146729
0.418457
0.426514
-0.203979
0.065369
-0.100586
0.658691
0.368896
1.811523
-1.982422
2.347656
1.726562
0.986328
0.006645
0.128906
-0.022415
0.027817
0.149170
0.227295
0.223145
-0.483398
-0.189941
0.467529
-0.144897
0.514160
0.051849
-0.549805
0.770020
-0.166382
-0.085083
0.632812
0.270020
-0.547363
-0.344971
0.137573
0.431641
0.294922
-0.147949
0.235718
0.134033
-2.664062
-0.862305
3.308594
1.762695
-1.669922
-0.110596
0.098450
0.163940
-0.150024
-0.272949
0.313477
-0.836426
0.153442
0.813477
-0.213623
0.173462
-0.469482
2.681641
-1.792969
0.644043
-1.101562
-1.738281
-0.973633
-0.666504
0.159424
-0.528809
-0.216431
-0.567383
0.239990
0.877441
2.234375
0.538086
1.073242
2.515625
0.517578
1.140625
1.394531
-0.057800
0.061493
0.206543
-0.285156
-0.270508
0.726074
-0.286621
-1.232422
1.233398
3.394531
0.037994
-0.703613
0.543945
-0.027649
1.701172
-0.269531
-1.059570
1.061523
0.935547
-1.040039
0.185547
1.342773
1.250977
0.211792
-0.984375
1.017578
-0.193970
-2.095703
-0.898438
-0.848145
-0.306885
-2.390625
-9.937500
2.609375
1.281250
-1.689453
-0.302490
-0.253418
-2.777344
1.693359
0.851562
-0.671875
-0.027512
-1.779297
1.650391
-0.549805
-0.605957
-0.272949
-1.176758
-0.326904
-0.663574
0.259277
-0.423584
0.417236
0.090942
-0.116882
0.099854
4.207031
0.182861
0.098877
0.608398
0.550293
-0.666016
0.719238
-1.855469
1.100586
2.652344
-1.981445
-2.570312
1.786133
-0.258545
1.285156
-2.728516
1.257812
-0.541992
0.129639
0.185791
0.093323
1.272461
0.171997
-2.308594
0.018127
0.331055
-0.522949
0.282471
0.461182
0.955566
0.175049
-0.190430
0.622070
0.086792
0.237427
0.070068
0.005741
2.140625
-0.557617
-0.050018
0.152710
0.206909
-0.244507
-0.784668
0.266602
-0.788086
1.102539
1.416992
-0.114441
-0.900391
-0.435303
0.936035
-0.064148
1.099609
-0.655273
-0.371582
0.148926
-1.314453
0.627930
0.173584
-0.026566
-0.550781
-0.241333
1.284180
3.351562
-0.149048
1.288086
2.525391
0.556641
0.038239
-0.460205
0.069336
0.039795
0.006416
-0.262207
-0.292480
0.733398
0.731934
-0.621582
-0.724121
1.846680
0.209473
-0.155029
-0.154907
-0.899414
1.358398
0.385254
-1.134766
1.245117
0.585449
-1.781250
0.314209
0.930176
0.618652
-0.296875
-1.020508
0.692871
0.235107
-2.156250
0.738770
-1.175781
1.208008
-0.965820
-0.974609
1.631836
-0.592285
0.447021
0.462402
1.072266
0.280273
-0.250977
1.374023
0.771973
0.594238
0.329346
-0.839355
-1.127930
-0.615723
1.128906
-0.051910
-0.416016
3.054688
0.247803
0.379639
0.682617
-0.156982
-1.238281
-4.710938
-0.190674
-0.178101
0.212646
-2.695312
0.542969
-0.008560
-0.494629
0.003319
0.352051
-0.415771
-1.452148
1.219727
-1.032227
0.937500
1.321289
-0.300537
-1.085938
0.202148
1.014648
-1.339844
0.293457
1.485352
-0.032745
0.786621
-0.327148
0.059570
-0.072693
0.224731
-0.020920
-0.520020
1.384766
0.903809
1.087891
1.314453
-1.088867
-0.192749
0.756836
0.049316
0.136597
-0.073547
-0.282227
0.355469
0.298096
-0.173096
0.448975
0.392578
-0.057953
0.327637
1.409180
0.638184
0.172607
-2.449219
-0.451416
-1.833984
1.402344
-1.075195
0.166382
2.914062
0.566406
0.029236
0.177734
0.012398
-0.948242
-0.625977
0.678711
-0.127686
-0.067566
-0.372314
0.256592
0.481201
0.019562
-0.275391
0.154907
-0.038849
0.022522
0.240723
-0.024704
-0.054596
0.510254
-0.273438
-1.663086
0.480957
-0.558105
-0.101074
0.162476
2.400391
-0.001884
0.065857
0.103882
0.794922
-0.163574
-0.306885
-0.831055
0.409912
3.517578
1.071289
0.004372
-0.375000
0.260986
0.906738
-1.098633
-0.179932
-0.002457
-0.130615
-0.007786
-0.112549
0.225952
-0.037842
0.156128
0.434082
-0.829102
2.021484
2.736328
0.472168
0.090637
-4.058594
-1.503906
-3.224609
0.844238
-0.489746
0.522461
5.089844
-0.066345
0.625000
0.978027
-0.443604
-1.158203
-0.207886
-0.247803
-0.691895
0.628418
-0.480469
-0.580078
0.009216
-0.343994
-0.124817
0.205444
-0.465088
-0.688965
0.500000
-0.393066
1.333008
1.125000
0.260498
-2.121094
2.054688
0.302979
-2.906250
-1.007812
1.789062
-0.343262
0.508301
0.160278
-0.470215
-0.356689
-0.203613
0.291504
-0.121948
1.050781
-1.756836
-0.748535
0.118958
-0.528320
0.955566
1.118164
0.175659
0.155762
-9.906250
0.988770
-0.260986
2.412109
-1.345703
2.662109
0.779297
0.303711
1.019531
1.225586
-0.653809
1.304688
0.013947
0.752441
-0.122803
0.541016
-0.596680
-0.992676
5.648438
-1.467773
-0.260498
-0.422363
-0.818359
-1.468750
-12.570312
-0.302979
-0.976074
0.289551
0.782715
-1.188477
-0.854980
-0.572266
-3.617188
2.175781
-2.437500
-2.324219
0.682129
0.592773
0.836426
2.589844
0.917480
0.128784
1.585938
0.485840
-2.449219
0.138794
3.822266
-1.344727
-0.182129
0.037170
0.233398
-0.015419
-0.567871
0.302490
-0.133911
3.070312
-1.784180
-0.332520
-0.094543
0.881836
0.182373
0.150635
0.147583
0.484375
-0.152710
-1.309570
0.323242
2.949219
0.111206
2.281250
0.000032
-0.456787
0.845215
1.049805
-0.461670
1.043945
-0.278076
0.153564
-1.475586
0.534180
-0.103271
-0.930176
7.964844
-0.508301
0.177734
-0.177734
-1.111328
-0.362549
-1.291016
-0.964355
0.001852
0.205444
-0.728027
-0.468262
-0.089233
0.017365
-1.866211
1.944336
-1.587891
-0.777344
0.569336
0.107666
0.405029
2.685547
-0.166992
-0.599609
0.657715
0.086487
-3.681641
0.527344
1.777344
-0.085388
0.302734
-0.757812
0.963867
0.255127
-0.452881
0.352783
-0.026947
1.970703
-3.515625
0.086060
0.720215
1.060547
0.287109
0.180054
0.291748
0.344727
-0.602539
-0.872070
-0.433594
2.162109
-0.123413
1.242188
-0.037720
-0.720215
-0.025909
0.560059
-0.148315
-0.529297
-0.770020
-0.599121
1.214844
0.060883
-0.851562
-0.348389
3.156250
0.240601
-0.299316
0.062866
-0.273926
0.172241
-4.769531
-0.335938
-0.193359
-0.150513
-0.771973
0.048370
0.103943
-0.031799
-1.355469
1.609375
-1.137695
-0.166382
0.190186
0.736816
0.123779
1.935547
-0.263916
-0.462402
0.137085
-0.083069
-2.017578
0.628418
1.240234
-0.212891
0.159424
-0.021576
-0.946777
0.426758
0.031433
0.241333
0.426025
3.441406
3.052734
0.191895
0.111694
0.701172
0.304443
0.425293
0.314697
0.211304
-0.089233
-0.035736
-0.311279
0.250488
-0.044342
-0.113037
-0.391602
-0.042877
-0.454346
0.978027
0.511230
0.584473
-0.134766
-0.227783
-1.238281
1.366211
-0.885742
0.669922
1.459961
-0.575684
0.065918
1.549805
0.051605
-1.539062
-2.570312
1.033203
0.894043
1.622070
-1.290039
-0.247437
0.477783
0.242554
0.014153
0.014290
-0.210938
0.026306
0.756348
-0.517090
0.015686
-0.013443
-1.318359
-0.647949
0.850586
0.287109
-0.807617
-0.847168
1.613281
0.101013
0.152832
-0.746094
0.447021
-0.053558
-0.294434
-0.205444
0.501953
0.354980
0.372070
-0.340088
1.423828
1.822266
2.496094
1.452148
0.298096
0.312256
-1.710938
-0.051941
0.437744
-0.250244
-0.423096
0.187012
-3.414062
2.029297
-0.015244
-0.644043
-1.509766
-2.224609
2.640625
-1.838867
1.714844
-0.633301
-3.533203
-0.259277
-0.527344
-0.417725
-0.751465
2.849609
3.189453
1.035156
-2.417969
21.218750
3.326172
1.277344
4.699219
9.085938
2.064453
7.906250
-3.097656
1.837891
2.062500
-1.495117
-2.541016
1.944336
0.403564
-1.608398
-2.226562
2.814453
-1.980469
1.946289
-1.125977
-0.670898
2.625000
0.860840
-2.490234
0.410889
1.052734
-0.759766
1.004883
0.991699
1.526367
1.581055
-0.751465
-11.507812
0.440918
-3.326172
-2.181641
-0.687988
65.000000
-73.062500
0.033112
0.050354
-0.454834
0.417725
-0.348389
0.453613
0.274902
-0.143921
0.591309
-0.109802
0.292969
-0.040649
-3.716797
-0.702148
1.916016
1.062500
0.157959
-0.677734
11.289062
-0.616211
-0.600586
0.136475
0.088989
10.242188
-29.156250
-4.062500
-3.033203
-12.140625
19.750000
-53.656250
-105.125000
-67.687500
-0.094238
0.277100
-0.338135
0.073364
0.756836
-0.286377
0.480225
0.708984
-0.424805
-1.479492
0.115540
0.147217
0.651855
0.023758
3.832031
-0.478271
2.160156
0.433105
-5.457031
-0.540039
-0.094666
-0.446045
-0.411621
28.546875
-11.296875
3.597656
-2.666016
3.343750
46.500000
-34.250000
-125.437500
175.000000
-0.235840
0.067810
0.011711
0.020874
0.078247
-0.084229
0.177979
0.167114
-0.049500
0.226685
-0.171387
-0.230957
-0.066650
0.062042
0.188843
0.188232
-0.136353
-0.230347
0.055603
0.305176
0.306152
0.133789
0.410156
0.173706
-0.044220
-0.131958
-0.198853
-0.075989
-0.083191
0.494629
0.028519
-0.238770
-0.019211
-0.198730
-0.051697
0.158203
0.068726
-0.114929
0.041321
0.174072
-0.224487
-0.058716
0.124817
0.057709
-0.039032
-0.097351
-0.340576
-0.095825
-0.033630
0.274170
0.905762
0.045532
0.181641
0.721680
-0.063599
0.296875
-0.188232
-0.037354
0.197388
0.017960
-0.101379
-0.145752
0.345459
-0.038391
-0.036652
0.086670
-0.003740
-0.054016
-0.028870
-0.025742
-0.082214
0.005733
-0.030121
0.106934
-0.029800
0.062164
-0.056671
-0.007309
0.008186
0.047638
-0.122192
0.001431
-0.175781
0.085266
0.075256
-0.176636
-0.001673
-0.040436
-0.106140
0.088196
0.078552
0.152100
-0.034851
0.025436
0.025208
-0.012253
-0.112671
0.083801
0.136475
-0.023056
-0.087769
-0.091125
-0.055664
0.066895
-0.139893
0.099365
0.011597
0.072876
0.158813
-0.017105
0.056488
0.031281
0.152954
-0.007034
0.270264
0.031006
0.118103
0.119202
0.122192
0.096680
-0.014854
-0.078552
-0.003265
0.002121
0.005981
0.090942
0.065796
-0.041870
